problem,learner,aut,bbo,property,size,realsymbols,learnsymbols,eqsymbols,emsymbols,emosymbols,insymbols,realqueries,learnqueries,eqqueries,emqueries,emoqueries,inqueries,length,multiplier,refinements
7,DiscriminationTree,monitor-buchi,none,0,666,131384223,451901,130932321,1,0,0,12753252,40351,12712900,1,0,0,1,35.000000,241
7,DiscriminationTree,monitor-buchi,none,1,666,131384224,451901,130932321,2,0,0,12753253,40351,12712900,2,0,0,1,35.000000,241
7,DiscriminationTree,monitor-buchi,none,4,666,131384234,451901,130932321,12,0,0,12753254,40351,12712900,3,0,0,10,35.000000,241
7,DiscriminationTree,monitor-buchi,none,5,666,131384238,451901,130932321,16,0,0,12753255,40351,12712900,4,0,0,4,35.000000,241
7,DiscriminationTree,monitor-buchi,none,6,666,131384242,451901,130932321,20,0,0,12753256,40351,12712900,5,0,0,4,35.000000,241
7,DiscriminationTree,monitor-buchi,none,9,666,131384247,451901,130932321,25,0,0,12753257,40351,12712900,6,0,0,5,35.000000,241
7,DiscriminationTree,monitor-buchi,none,10,666,131384247,451901,130932321,25,92,0,12753257,40351,12712900,6,3,0,32,35.000000,241
7,DiscriminationTree,monitor-buchi,none,13,666,131384247,451901,130932321,25,157,0,12753257,40351,12712900,6,6,0,25,35.000000,241
7,DiscriminationTree,monitor-buchi,none,14,666,131384254,451901,130932321,32,157,0,12753258,40351,12712900,7,6,0,7,35.000000,241
7,DiscriminationTree,monitor-buchi,none,16,666,131384260,451901,130932321,38,157,0,12753259,40351,12712900,8,6,0,6,35.000000,241
7,DiscriminationTree,monitor-buchi,none,18,666,131384260,451901,130932321,38,252,0,12753259,40351,12712900,8,9,0,33,35.000000,241
7,DiscriminationTree,monitor-buchi,none,21,666,131384266,451901,130932321,44,252,0,12753260,40351,12712900,9,9,0,6,35.000000,241
7,DiscriminationTree,monitor-buchi,none,22,666,131384271,451901,130932321,49,252,0,12753261,40351,12712900,10,9,0,5,35.000000,241
7,DiscriminationTree,monitor-buchi,none,23,666,131384277,451901,130932321,55,252,0,12753262,40351,12712900,11,9,0,6,35.000000,241
7,DiscriminationTree,monitor-buchi,none,26,666,131384277,451901,130932321,55,301,0,12753262,40351,12712900,11,11,0,25,35.000000,241
7,DiscriminationTree,monitor-buchi,none,27,666,131384284,451901,130932321,62,301,0,12753263,40351,12712900,12,11,0,7,35.000000,241
7,DiscriminationTree,monitor-buchi,none,28,666,131384292,451901,130932321,70,301,0,12753264,40351,12712900,13,11,0,8,35.000000,241
7,DiscriminationTree,monitor-buchi,none,29,666,131384292,451901,130932321,70,378,0,12753264,40351,12712900,13,14,0,27,35.000000,241
7,DiscriminationTree,monitor-buchi,none,30,666,131384292,451901,130932321,70,461,0,12753264,40351,12712900,13,17,0,29,35.000000,241
7,DiscriminationTree,monitor-buchi,none,35,666,131384299,451901,130932321,77,461,0,12753265,40351,12712900,14,17,0,7,35.000000,241
7,DiscriminationTree,monitor-buchi,none,37,666,131384303,451901,130932321,81,461,0,12753266,40351,12712900,15,17,0,4,35.000000,241
7,DiscriminationTree,monitor-buchi,none,39,666,131384304,451901,130932321,82,461,0,12753267,40351,12712900,16,17,0,1,35.000000,241
7,DiscriminationTree,monitor-buchi,none,40,666,131384309,451901,130932321,87,461,0,12753268,40351,12712900,17,17,0,5,35.000000,241
7,DiscriminationTree,monitor-buchi,none,41,666,131384314,451901,130932321,92,461,0,12753269,40351,12712900,18,17,0,5,35.000000,241
7,DiscriminationTree,monitor-buchi,none,42,666,131384314,451901,130932321,92,521,0,12753269,40351,12712900,18,19,0,31,35.000000,241
7,DiscriminationTree,monitor-buchi,none,43,666,131384319,451901,130932321,97,521,0,12753270,40351,12712900,19,19,0,5,35.000000,241
7,DiscriminationTree,monitor-buchi,none,45,666,131384327,451901,130932321,105,521,0,12753271,40351,12712900,20,19,0,8,35.000000,241
7,DiscriminationTree,monitor-buchi,none,47,666,131384333,451901,130932321,111,521,0,12753272,40351,12712900,21,19,0,6,35.000000,241
7,DiscriminationTree,monitor-buchi,none,48,666,131384338,451901,130932321,116,521,0,12753273,40351,12712900,22,19,0,5,35.000000,241
7,DiscriminationTree,monitor-buchi,none,49,666,131384342,451901,130932321,120,521,0,12753274,40351,12712900,23,19,0,4,35.000000,241
7,DiscriminationTree,monitor-buchi,none,50,666,131384345,451901,130932321,123,521,0,12753275,40351,12712900,24,19,0,3,35.000000,241
7,DiscriminationTree,monitor-buchi,none,51,666,131384349,451901,130932321,127,521,0,12753276,40351,12712900,25,19,0,4,35.000000,241
7,DiscriminationTree,monitor-buchi,none,52,666,131384354,451901,130932321,132,521,0,12753277,40351,12712900,26,19,0,5,35.000000,241
7,DiscriminationTree,monitor-buchi,none,55,666,131384364,451901,130932321,142,521,0,12753278,40351,12712900,27,19,0,10,35.000000,241
7,DiscriminationTree,monitor-buchi,none,56,666,131384368,451901,130932321,146,521,0,12753279,40351,12712900,28,19,0,4,35.000000,241
7,DiscriminationTree,monitor-buchi,none,57,666,131384368,451901,130932321,146,558,0,12753279,40351,12712900,28,21,0,19,35.000000,241
7,DiscriminationTree,monitor-buchi,none,58,666,131384368,451901,130932321,146,587,0,12753279,40351,12712900,28,23,0,15,35.000000,241
7,DiscriminationTree,monitor-buchi,none,60,666,131384375,451901,130932321,153,587,0,12753280,40351,12712900,29,23,0,7,35.000000,241
7,DiscriminationTree,monitor-buchi,none,61,666,131384382,451901,130932321,160,587,0,12753281,40351,12712900,30,23,0,7,35.000000,241
7,DiscriminationTree,monitor-buchi,none,63,666,131384383,451901,130932321,161,587,0,12753282,40351,12712900,31,23,0,1,35.000000,241
7,DiscriminationTree,monitor-buchi,none,64,666,131384383,451901,130932321,161,674,0,12753282,40351,12712900,31,25,0,44,35.000000,241
7,DiscriminationTree,monitor-buchi,none,65,666,131384390,451901,130932321,168,674,0,12753283,40351,12712900,32,25,0,7,35.000000,241
7,DiscriminationTree,monitor-buchi,none,67,666,131384392,451901,130932321,170,674,0,12753284,40351,12712900,33,25,0,2,35.000000,241
7,DiscriminationTree,monitor-buchi,none,68,666,131384393,451901,130932321,171,674,0,12753285,40351,12712900,34,25,0,1,35.000000,241
7,DiscriminationTree,monitor-buchi,none,69,666,131384397,451901,130932321,175,674,0,12753286,40351,12712900,35,25,0,4,35.000000,241
7,DiscriminationTree,monitor-buchi,none,70,666,131384397,451901,130932321,175,719,0,12753286,40351,12712900,35,28,0,17,35.000000,241
7,DiscriminationTree,monitor-buchi,none,74,666,131384397,451901,130932321,175,768,0,12753286,40351,12712900,35,30,0,25,35.000000,241
7,DiscriminationTree,monitor-buchi,none,79,666,131384402,451901,130932321,180,768,0,12753287,40351,12712900,36,30,0,5,35.000000,241
7,DiscriminationTree,monitor-buchi,none,82,666,131384406,451901,130932321,184,768,0,12753288,40351,12712900,37,30,0,4,35.000000,241
7,DiscriminationTree,monitor-buchi,none,86,666,131384412,451901,130932321,190,768,0,12753289,40351,12712900,38,30,0,6,35.000000,241
7,DiscriminationTree,monitor-buchi,none,90,666,131384419,451901,130932321,197,768,0,12753290,40351,12712900,39,30,0,7,35.000000,241
7,DiscriminationTree,monitor-buchi,none,92,666,131384420,451901,130932321,198,768,0,12753291,40351,12712900,40,30,0,1,35.000000,241
7,DiscriminationTree,monitor-buchi,none,93,666,131384423,451901,130932321,201,768,0,12753292,40351,12712900,41,30,0,3,35.000000,241
7,DiscriminationTree,monitor-buchi,none,94,666,131384423,451901,130932321,201,843,0,12753292,40351,12712900,41,32,0,38,35.000000,241
7,DiscriminationTree,monitor-buchi,none,95,666,131384423,451901,130932321,201,935,0,12753292,40351,12712900,41,35,0,32,35.000000,241
7,DiscriminationTree,monitor-buchi,none,98,666,131384428,451901,130932321,206,935,0,12753293,40351,12712900,42,35,0,5,35.000000,241
7,DiscriminationTree,monitor-buchi,none,99,666,131384432,451901,130932321,210,935,0,12753294,40351,12712900,43,35,0,4,35.000000,241
