problem,learner,aut,bbo,property,size,realsymbols,learnsymbols,eqsymbols,emsymbols,emosymbols,insymbols,realqueries,learnqueries,eqqueries,emqueries,emoqueries,inqueries,length,multiplier,refinements
6,KearnsVazirani,monitor-buchi,none,0,230,49361042,172212,49188830,0,13,0,6814077,28227,6785850,0,2,0,7,30.000000,136
6,KearnsVazirani,monitor-buchi,none,1,230,49361046,172212,49188830,4,13,0,6814078,28227,6785850,1,2,0,4,30.000000,136
6,KearnsVazirani,monitor-buchi,none,2,230,49361046,172212,49188830,4,26,0,6814078,28227,6785850,1,4,0,7,30.000000,136
6,KearnsVazirani,monitor-buchi,none,3,230,49361047,172212,49188830,5,26,0,6814079,28227,6785850,2,4,0,1,30.000000,136
6,KearnsVazirani,monitor-buchi,none,4,230,49361051,172212,49188830,9,26,0,6814080,28227,6785850,3,4,0,4,30.000000,136
6,KearnsVazirani,monitor-buchi,none,5,230,49361051,172212,49188830,9,2595769,0,6814080,28227,6785850,3,1022,0,5091,30.000000,136
6,KearnsVazirani,monitor-buchi,none,6,230,49361053,172212,49188830,11,2595769,0,6814081,28227,6785850,4,1022,0,2,30.000000,136
6,KearnsVazirani,monitor-buchi,none,8,230,49361056,172212,49188830,14,2595769,0,6814082,28227,6785850,5,1022,0,3,30.000000,136
6,KearnsVazirani,monitor-buchi,none,10,230,49361059,172212,49188830,17,2595769,0,6814083,28227,6785850,6,1022,0,3,30.000000,136
6,KearnsVazirani,monitor-buchi,none,11,230,49361062,172212,49188830,20,2595769,0,6814084,28227,6785850,7,1022,0,3,30.000000,136
6,KearnsVazirani,monitor-buchi,none,13,230,49361067,172212,49188830,25,2595769,0,6814085,28227,6785850,8,1022,0,5,30.000000,136
6,KearnsVazirani,monitor-buchi,none,14,230,49361067,172212,49188830,25,75676837,0,6814085,28227,6785850,8,7064,0,24176,30.000000,136
6,KearnsVazirani,monitor-buchi,none,15,230,49361068,172212,49188830,26,75676837,0,6814086,28227,6785850,9,7064,0,1,30.000000,136
6,KearnsVazirani,monitor-buchi,none,16,230,49361075,172212,49188830,33,75676837,0,6814087,28227,6785850,10,7064,0,7,30.000000,136
6,KearnsVazirani,monitor-buchi,none,17,230,49361076,172212,49188830,34,75676837,0,6814088,28227,6785850,11,7064,0,1,30.000000,136
6,KearnsVazirani,monitor-buchi,none,18,230,49361077,172212,49188830,35,75676837,0,6814089,28227,6785850,12,7064,0,1,30.000000,136
6,KearnsVazirani,monitor-buchi,none,21,230,49361084,172212,49188830,42,75676837,0,6814090,28227,6785850,13,7064,0,7,30.000000,136
6,KearnsVazirani,monitor-buchi,none,22,230,49361089,172212,49188830,47,75676837,0,6814091,28227,6785850,14,7064,0,5,30.000000,136
6,KearnsVazirani,monitor-buchi,none,24,230,49361090,172212,49188830,48,75676837,0,6814092,28227,6785850,15,7064,0,1,30.000000,136
6,KearnsVazirani,monitor-buchi,none,25,230,49361093,172212,49188830,51,75676837,0,6814093,28227,6785850,16,7064,0,3,30.000000,136
6,KearnsVazirani,monitor-buchi,none,26,230,49361097,172212,49188830,55,75676837,0,6814094,28227,6785850,17,7064,0,4,30.000000,136
6,KearnsVazirani,monitor-buchi,none,27,230,49361102,172212,49188830,60,75676837,0,6814095,28227,6785850,18,7064,0,5,30.000000,136
6,KearnsVazirani,monitor-buchi,none,28,230,49361109,172212,49188830,67,75676837,0,6814096,28227,6785850,19,7064,0,7,30.000000,136
6,KearnsVazirani,monitor-buchi,none,29,230,49361111,172212,49188830,69,75676837,0,6814097,28227,6785850,20,7064,0,2,30.000000,136
6,KearnsVazirani,monitor-buchi,none,30,230,49361117,172212,49188830,75,75676837,0,6814098,28227,6785850,21,7064,0,6,30.000000,136
6,KearnsVazirani,monitor-buchi,none,31,230,49361124,172212,49188830,82,75676837,0,6814099,28227,6785850,22,7064,0,7,30.000000,136
6,KearnsVazirani,monitor-buchi,none,32,230,49361127,172212,49188830,85,75676837,0,6814100,28227,6785850,23,7064,0,3,30.000000,136
6,KearnsVazirani,monitor-buchi,none,34,230,49361130,172212,49188830,88,75676837,0,6814101,28227,6785850,24,7064,0,3,30.000000,136
6,KearnsVazirani,monitor-buchi,none,36,230,49361134,172212,49188830,92,75676837,0,6814102,28227,6785850,25,7064,0,4,30.000000,136
6,KearnsVazirani,monitor-buchi,none,38,230,49361139,172212,49188830,97,75676837,0,6814103,28227,6785850,26,7064,0,5,30.000000,136
6,KearnsVazirani,monitor-buchi,none,48,230,49361147,172212,49188830,105,75676837,0,6814104,28227,6785850,27,7064,0,8,30.000000,136
6,KearnsVazirani,monitor-buchi,none,49,230,49361152,172212,49188830,110,75676837,0,6814105,28227,6785850,28,7064,0,5,30.000000,136
6,KearnsVazirani,monitor-buchi,none,50,230,49361156,172212,49188830,114,75676837,0,6814106,28227,6785850,29,7064,0,4,30.000000,136
6,KearnsVazirani,monitor-buchi,none,51,230,49361163,172212,49188830,121,75676837,0,6814107,28227,6785850,30,7064,0,7,30.000000,136
6,KearnsVazirani,monitor-buchi,none,52,230,49361168,172212,49188830,126,75676837,0,6814108,28227,6785850,31,7064,0,5,30.000000,136
6,KearnsVazirani,monitor-buchi,none,53,230,49361176,172212,49188830,134,75676837,0,6814109,28227,6785850,32,7064,0,8,30.000000,136
6,KearnsVazirani,monitor-buchi,none,54,230,49361182,172212,49188830,140,75676837,0,6814110,28227,6785850,33,7064,0,6,30.000000,136
6,KearnsVazirani,monitor-buchi,none,55,230,49361187,172212,49188830,145,75676837,0,6814111,28227,6785850,34,7064,0,5,30.000000,136
6,KearnsVazirani,monitor-buchi,none,57,230,49361188,172212,49188830,146,75676837,0,6814112,28227,6785850,35,7064,0,1,30.000000,136
6,KearnsVazirani,monitor-buchi,none,59,230,49361194,172212,49188830,152,75676837,0,6814113,28227,6785850,36,7064,0,6,30.000000,136
6,KearnsVazirani,monitor-buchi,none,60,230,49361200,172212,49188830,158,75676837,0,6814114,28227,6785850,37,7064,0,6,30.000000,136
6,KearnsVazirani,monitor-buchi,none,61,230,49361205,172212,49188830,163,75676837,0,6814115,28227,6785850,38,7064,0,5,30.000000,136
6,KearnsVazirani,monitor-buchi,none,62,230,49361206,172212,49188830,164,75676837,0,6814116,28227,6785850,39,7064,0,1,30.000000,136
6,KearnsVazirani,monitor-buchi,none,63,230,49361213,172212,49188830,171,75676837,0,6814117,28227,6785850,40,7064,0,7,30.000000,136
6,KearnsVazirani,monitor-buchi,none,66,230,49361217,172212,49188830,175,75676837,0,6814118,28227,6785850,41,7064,0,4,30.000000,136
6,KearnsVazirani,monitor-buchi,none,67,230,49361217,172212,49188830,175,88397833,0,6814118,28227,6785850,41,9581,0,10084,30.000000,136
6,KearnsVazirani,monitor-buchi,none,68,230,49361218,172212,49188830,176,88397833,0,6814119,28227,6785850,42,9581,0,1,30.000000,136
6,KearnsVazirani,monitor-buchi,none,70,230,49361222,172212,49188830,180,88397833,0,6814120,28227,6785850,43,9581,0,4,30.000000,136
6,KearnsVazirani,monitor-buchi,none,72,230,49361222,172212,49188830,180,88407173,0,6814120,28227,6785850,43,9675,0,192,30.000000,136
6,KearnsVazirani,monitor-buchi,none,74,230,49361223,172212,49188830,181,88407173,0,6814121,28227,6785850,44,9675,0,1,30.000000,136
6,KearnsVazirani,monitor-buchi,none,78,230,49361228,172212,49188830,186,88407173,0,6814122,28227,6785850,45,9675,0,5,30.000000,136
6,KearnsVazirani,monitor-buchi,none,81,230,49361228,172212,49188830,186,88407192,0,6814122,28227,6785850,45,9678,0,7,30.000000,136
6,KearnsVazirani,monitor-buchi,none,82,230,49361233,172212,49188830,191,88407192,0,6814123,28227,6785850,46,9678,0,5,30.000000,136
6,KearnsVazirani,monitor-buchi,none,83,230,49361238,172212,49188830,196,88407192,0,6814124,28227,6785850,47,9678,0,5,30.000000,136
6,KearnsVazirani,monitor-buchi,none,84,230,49361242,172212,49188830,200,88407192,0,6814125,28227,6785850,48,9678,0,4,30.000000,136
6,KearnsVazirani,monitor-buchi,none,85,230,49361246,172212,49188830,204,88407192,0,6814126,28227,6785850,49,9678,0,4,30.000000,136
6,KearnsVazirani,monitor-buchi,none,87,230,49361246,172212,49188830,204,88408960,0,6814126,28227,6785850,49,9706,0,115,30.000000,136
6,KearnsVazirani,monitor-buchi,none,88,230,49361248,172212,49188830,206,88408960,0,6814127,28227,6785850,50,9706,0,2,30.000000,136
6,KearnsVazirani,monitor-buchi,none,90,230,49361251,172212,49188830,209,88408960,0,6814128,28227,6785850,51,9706,0,3,30.000000,136
6,KearnsVazirani,monitor-buchi,none,92,230,49361252,172212,49188830,210,88408960,0,6814129,28227,6785850,52,9706,0,1,30.000000,136
6,KearnsVazirani,monitor-buchi,none,94,230,49361252,172212,49188830,210,88418300,0,6814129,28227,6785850,52,9800,0,192,30.000000,136
6,KearnsVazirani,monitor-buchi,none,97,230,49361258,172212,49188830,216,88418300,0,6814130,28227,6785850,53,9800,0,6,30.000000,136
6,KearnsVazirani,monitor-buchi,none,99,230,49361260,172212,49188830,218,88418300,0,6814131,28227,6785850,54,9800,0,2,30.000000,136
