problem,learner,aut,bbo,property,size,realsymbols,learnsymbols,eqsymbols,emsymbols,emosymbols,insymbols,realqueries,learnqueries,eqqueries,emqueries,emoqueries,inqueries,length,multiplier,refinements
3,KearnsVazirani,monitor-buchi,cex-first,22,1,16,15,0,1,0,0,17,16,0,1,0,0,1,15.000000,1
3,KearnsVazirani,monitor-buchi,cex-first,26,1,17,15,0,2,0,0,18,16,0,2,0,0,1,15.000000,1
3,KearnsVazirani,monitor-buchi,cex-first,33,1,18,15,0,3,0,0,19,16,0,3,0,0,1,15.000000,1
3,KearnsVazirani,monitor-buchi,cex-first,47,1,19,15,0,4,0,0,20,16,0,4,0,0,1,15.000000,1
3,KearnsVazirani,monitor-buchi,cex-first,49,1,20,15,0,5,0,0,21,16,0,5,0,0,1,15.000000,1
3,KearnsVazirani,monitor-buchi,cex-first,7,13,3572,3323,0,76,12736,173,757,730,0,22,1809,5,7,15.000000,6
3,KearnsVazirani,monitor-buchi,cex-first,9,18,6360,5883,0,101,22396,376,1206,1172,0,27,3849,7,9,15.000000,8
3,KearnsVazirani,monitor-buchi,cex-first,13,19,7951,6925,0,101,48298,925,1316,1281,0,27,6008,8,12,15.000000,9
3,KearnsVazirani,monitor-buchi,cex-first,16,19,7954,6925,0,104,48298,925,1317,1281,0,28,6008,8,3,15.000000,9
3,KearnsVazirani,monitor-buchi,cex-first,5,30,14431,13230,0,243,377398,958,2437,2380,0,45,8573,12,7,15.000000,13
3,KearnsVazirani,monitor-buchi,cex-first,11,30,14436,13230,0,248,377398,958,2438,2380,0,46,8573,12,5,15.000000,13
3,KearnsVazirani,monitor-buchi,cex-first,17,30,14443,13230,0,255,377398,958,2439,2380,0,47,8573,12,7,15.000000,13
3,KearnsVazirani,monitor-buchi,cex-first,18,30,14449,13230,0,261,377398,958,2440,2380,0,48,8573,12,6,15.000000,13
3,KearnsVazirani,monitor-buchi,cex-first,21,30,14455,13230,0,267,377398,958,2441,2380,0,49,8573,12,6,15.000000,13
3,KearnsVazirani,monitor-buchi,cex-first,23,30,14457,13230,0,269,377398,958,2442,2380,0,50,8573,12,2,15.000000,13
3,KearnsVazirani,monitor-buchi,cex-first,27,30,14463,13230,0,275,377398,958,2443,2380,0,51,8573,12,6,15.000000,13
3,KearnsVazirani,monitor-buchi,cex-first,28,30,14476,13230,0,288,377398,958,2444,2380,0,52,8573,12,13,15.000000,13
3,KearnsVazirani,monitor-buchi,cex-first,29,30,14488,13230,0,300,377398,958,2445,2380,0,53,8573,12,12,15.000000,13
3,KearnsVazirani,monitor-buchi,cex-first,30,30,14492,13230,0,304,377398,958,2446,2380,0,54,8573,12,4,15.000000,13
3,KearnsVazirani,monitor-buchi,cex-first,34,30,14492,13230,0,304,377413,958,2446,2380,0,54,8575,12,8,15.000000,13
3,KearnsVazirani,monitor-buchi,cex-first,35,31,16590,14418,0,304,417321,1868,2631,2564,0,54,12189,13,34,15.000000,14
3,KearnsVazirani,monitor-buchi,cex-first,40,35,18320,16096,0,346,430806,1878,2937,2864,0,59,13119,14,2,15.000000,15
3,KearnsVazirani,monitor-buchi,cex-first,43,35,18323,16096,0,349,430806,1878,2938,2864,0,60,13119,14,3,15.000000,15
3,KearnsVazirani,monitor-buchi,cex-first,45,35,18328,16096,0,354,430806,1878,2939,2864,0,61,13119,14,5,15.000000,15
3,KearnsVazirani,monitor-buchi,cex-first,46,35,18334,16096,0,360,430806,1878,2940,2864,0,62,13119,14,6,15.000000,15
3,KearnsVazirani,monitor-buchi,cex-first,51,35,18340,16096,0,366,430806,1878,2941,2864,0,63,13119,14,6,15.000000,15
3,KearnsVazirani,monitor-buchi,cex-first,52,35,18345,16096,0,371,430806,1878,2942,2864,0,64,13119,14,5,15.000000,15
3,KearnsVazirani,monitor-buchi,cex-first,53,35,18348,16096,0,374,430806,1878,2943,2864,0,65,13119,14,3,15.000000,15
3,KearnsVazirani,monitor-buchi,cex-first,54,36,18957,16638,0,430,856581,1889,3032,2947,0,70,13644,15,12,15.000000,16
3,KearnsVazirani,monitor-buchi,cex-first,56,36,18957,16638,0,430,856646,1889,3032,2947,0,70,13648,15,20,15.000000,16
3,KearnsVazirani,monitor-buchi,cex-first,57,36,18957,16638,0,430,856659,1889,3032,2947,0,70,13650,15,7,15.000000,16
3,KearnsVazirani,monitor-buchi,cex-first,59,36,18961,16638,0,434,856659,1889,3033,2947,0,71,13650,15,4,15.000000,16
3,KearnsVazirani,monitor-buchi,cex-first,60,37,21573,18693,0,434,932290,2446,3203,3116,0,71,17972,16,16,15.000000,17
3,KearnsVazirani,monitor-buchi,cex-first,61,37,21574,18693,0,435,932290,2446,3204,3116,0,72,17972,16,1,15.000000,17
3,KearnsVazirani,monitor-buchi,cex-first,63,37,21583,18693,0,444,932290,2446,3205,3116,0,73,17972,16,9,15.000000,17
3,KearnsVazirani,monitor-buchi,cex-first,64,37,21587,18693,0,448,932290,2446,3206,3116,0,74,17972,16,4,15.000000,17
3,KearnsVazirani,monitor-buchi,cex-first,66,37,21594,18693,0,455,932290,2446,3207,3116,0,75,17972,16,7,15.000000,17
3,KearnsVazirani,monitor-buchi,cex-first,68,37,21601,18693,0,462,932290,2446,3208,3116,0,76,17972,16,7,15.000000,17
3,KearnsVazirani,monitor-buchi,cex-first,69,37,21602,18693,0,463,932290,2446,3209,3116,0,77,17972,16,1,15.000000,17
3,KearnsVazirani,monitor-buchi,cex-first,71,37,21603,18693,0,464,932290,2446,3210,3116,0,78,17972,16,1,15.000000,17
3,KearnsVazirani,monitor-buchi,cex-first,75,37,21614,18693,0,475,932290,2446,3211,3116,0,79,17972,16,11,15.000000,17
3,KearnsVazirani,monitor-buchi,cex-first,76,37,21615,18693,0,476,932290,2446,3212,3116,0,80,17972,16,1,15.000000,17
3,KearnsVazirani,monitor-buchi,cex-first,77,37,21615,18693,0,476,932309,2446,3212,3116,0,80,17974,16,10,15.000000,17
3,KearnsVazirani,monitor-buchi,cex-first,78,37,21621,18693,0,482,932309,2446,3213,3116,0,81,17974,16,6,15.000000,17
3,KearnsVazirani,monitor-buchi,cex-first,79,37,21626,18693,0,487,932309,2446,3214,3116,0,82,17974,16,5,15.000000,17
3,KearnsVazirani,monitor-buchi,cex-first,84,37,21626,18693,0,487,932322,2446,3214,3116,0,82,17976,16,7,15.000000,17
3,KearnsVazirani,monitor-buchi,cex-first,85,37,21631,18693,0,492,932322,2446,3215,3116,0,83,17976,16,5,15.000000,17
3,KearnsVazirani,monitor-buchi,cex-first,87,37,21631,18693,0,492,1054502,2446,3215,3116,0,83,18259,16,854,15.000000,17
3,KearnsVazirani,monitor-buchi,cex-first,89,39,23597,20562,0,571,1070597,2464,3569,3464,0,88,19369,17,7,15.000000,18
3,KearnsVazirani,monitor-buchi,cex-first,90,39,23601,20562,0,575,1070597,2464,3570,3464,0,89,19369,17,4,15.000000,18
3,KearnsVazirani,monitor-buchi,cex-first,91,39,23606,20562,0,580,1070597,2464,3571,3464,0,90,19369,17,5,15.000000,18
3,KearnsVazirani,monitor-buchi,cex-first,93,39,23607,20562,0,581,1070597,2464,3572,3464,0,91,19369,17,1,15.000000,18
3,KearnsVazirani,monitor-buchi,cex-first,94,39,23610,20562,0,584,1070597,2464,3573,3464,0,92,19369,17,3,15.000000,18
3,KearnsVazirani,monitor-buchi,cex-first,96,39,23618,20562,0,592,1070597,2464,3574,3464,0,93,19369,17,8,15.000000,18
