problem,learner,aut,bbo,property,size,realsymbols,learnsymbols,eqsymbols,emsymbols,emosymbols,insymbols,realqueries,learnqueries,eqqueries,emqueries,emoqueries,inqueries,length,multiplier,refinements
4,DiscriminationTree,monitor-buchi,none,1,190,6176523,76438,6100081,4,0,0,899614,11402,888211,1,0,0,4,20.000000,97
4,DiscriminationTree,monitor-buchi,none,2,190,6176523,76438,6100081,4,11,0,899614,11402,888211,1,2,0,6,20.000000,97
4,DiscriminationTree,monitor-buchi,none,3,190,6176523,76438,6100081,4,37,0,899614,11402,888211,1,4,0,14,20.000000,97
4,DiscriminationTree,monitor-buchi,none,4,190,6176529,76438,6100081,10,37,0,899615,11402,888211,2,4,0,6,20.000000,97
4,DiscriminationTree,monitor-buchi,none,5,190,6176530,76438,6100081,11,37,0,899616,11402,888211,3,4,0,1,20.000000,97
4,DiscriminationTree,monitor-buchi,none,7,190,6176531,76438,6100081,12,37,0,899617,11402,888211,4,4,0,1,20.000000,97
4,DiscriminationTree,monitor-buchi,none,9,190,6176538,76438,6100081,19,37,0,899618,11402,888211,5,4,0,7,20.000000,97
4,DiscriminationTree,monitor-buchi,none,10,190,6176544,76438,6100081,25,37,0,899619,11402,888211,6,4,0,6,20.000000,97
4,DiscriminationTree,monitor-buchi,none,12,190,6176549,76438,6100081,30,37,0,899620,11402,888211,7,4,0,5,20.000000,97
4,DiscriminationTree,monitor-buchi,none,14,190,6176551,76438,6100081,32,37,0,899621,11402,888211,8,4,0,2,20.000000,97
4,DiscriminationTree,monitor-buchi,none,16,190,6176554,76438,6100081,35,37,0,899622,11402,888211,9,4,0,3,20.000000,97
4,DiscriminationTree,monitor-buchi,none,17,190,6176561,76438,6100081,42,37,0,899623,11402,888211,10,4,0,7,20.000000,97
4,DiscriminationTree,monitor-buchi,none,19,190,6176563,76438,6100081,44,37,0,899624,11402,888211,11,4,0,2,20.000000,97
4,DiscriminationTree,monitor-buchi,none,21,190,6176564,76438,6100081,45,37,0,899625,11402,888211,12,4,0,1,20.000000,97
4,DiscriminationTree,monitor-buchi,none,22,190,6176569,76438,6100081,50,37,0,899626,11402,888211,13,4,0,5,20.000000,97
4,DiscriminationTree,monitor-buchi,none,24,190,6176572,76438,6100081,53,37,0,899627,11402,888211,14,4,0,3,20.000000,97
4,DiscriminationTree,monitor-buchi,none,25,190,6176576,76438,6100081,57,37,0,899628,11402,888211,15,4,0,4,20.000000,97
4,DiscriminationTree,monitor-buchi,none,27,190,6176578,76438,6100081,59,37,0,899629,11402,888211,16,4,0,2,20.000000,97
4,DiscriminationTree,monitor-buchi,none,28,190,6176581,76438,6100081,62,37,0,899630,11402,888211,17,4,0,3,20.000000,97
4,DiscriminationTree,monitor-buchi,none,29,190,6176581,76438,6100081,62,86,0,899630,11402,888211,17,7,0,21,20.000000,97
4,DiscriminationTree,monitor-buchi,none,32,190,6176581,76438,6100081,62,177,0,899630,11402,888211,17,10,0,33,20.000000,97
4,DiscriminationTree,monitor-buchi,none,33,190,6176586,76438,6100081,67,177,0,899631,11402,888211,18,10,0,5,20.000000,97
4,DiscriminationTree,monitor-buchi,none,34,190,6176586,76438,6100081,67,249,0,899631,11402,888211,18,13,0,26,20.000000,97
4,DiscriminationTree,monitor-buchi,none,35,190,6176588,76438,6100081,69,249,0,899632,11402,888211,19,13,0,2,20.000000,97
4,DiscriminationTree,monitor-buchi,none,36,190,6176593,76438,6100081,74,249,0,899633,11402,888211,20,13,0,5,20.000000,97
4,DiscriminationTree,monitor-buchi,none,37,190,6176600,76438,6100081,81,249,0,899634,11402,888211,21,13,0,7,20.000000,97
4,DiscriminationTree,monitor-buchi,none,38,190,6176602,76438,6100081,83,249,0,899635,11402,888211,22,13,0,2,20.000000,97
4,DiscriminationTree,monitor-buchi,none,39,190,6176602,76438,6100081,83,284,0,899635,11402,888211,22,16,0,13,20.000000,97
4,DiscriminationTree,monitor-buchi,none,41,190,6176608,76438,6100081,89,284,0,899636,11402,888211,23,16,0,6,20.000000,97
4,DiscriminationTree,monitor-buchi,none,42,190,6176610,76438,6100081,91,284,0,899637,11402,888211,24,16,0,2,20.000000,97
4,DiscriminationTree,monitor-buchi,none,43,190,6176613,76438,6100081,94,284,0,899638,11402,888211,25,16,0,3,20.000000,97
4,DiscriminationTree,monitor-buchi,none,44,190,6176619,76438,6100081,100,284,0,899639,11402,888211,26,16,0,6,20.000000,97
4,DiscriminationTree,monitor-buchi,none,45,190,6176622,76438,6100081,103,284,0,899640,11402,888211,27,16,0,3,20.000000,97
4,DiscriminationTree,monitor-buchi,none,47,190,6176629,76438,6100081,110,284,0,899641,11402,888211,28,16,0,7,20.000000,97
4,DiscriminationTree,monitor-buchi,none,48,190,6176629,76438,6100081,110,335,0,899641,11402,888211,28,18,0,26,20.000000,97
4,DiscriminationTree,monitor-buchi,none,49,190,6176635,76438,6100081,116,335,0,899642,11402,888211,29,18,0,6,20.000000,97
4,DiscriminationTree,monitor-buchi,none,50,190,6176638,76438,6100081,119,335,0,899643,11402,888211,30,18,0,3,20.000000,97
4,DiscriminationTree,monitor-buchi,none,52,190,6176646,76438,6100081,127,335,0,899644,11402,888211,31,18,0,8,20.000000,97
4,DiscriminationTree,monitor-buchi,none,56,190,6176646,76438,6100081,127,375,0,899644,11402,888211,31,20,0,21,20.000000,97
4,DiscriminationTree,monitor-buchi,none,57,190,6176646,76438,6100081,127,464,0,899644,11402,888211,31,23,0,35,20.000000,97
4,DiscriminationTree,monitor-buchi,none,58,190,6176651,76438,6100081,132,464,0,899645,11402,888211,32,23,0,5,20.000000,97
4,DiscriminationTree,monitor-buchi,none,60,190,6176652,76438,6100081,133,464,0,899646,11402,888211,33,23,0,1,20.000000,97
4,DiscriminationTree,monitor-buchi,none,61,190,6176659,76438,6100081,140,464,0,899647,11402,888211,34,23,0,7,20.000000,97
4,DiscriminationTree,monitor-buchi,none,64,190,6176665,76438,6100081,146,464,0,899648,11402,888211,35,23,0,6,20.000000,97
4,DiscriminationTree,monitor-buchi,none,65,190,6176674,76438,6100081,155,464,0,899649,11402,888211,36,23,0,9,20.000000,97
4,DiscriminationTree,monitor-buchi,none,66,190,6176677,76438,6100081,158,464,0,899650,11402,888211,37,23,0,3,20.000000,97
4,DiscriminationTree,monitor-buchi,none,68,190,6176680,76438,6100081,161,464,0,899651,11402,888211,38,23,0,3,20.000000,97
4,DiscriminationTree,monitor-buchi,none,71,190,6176680,76438,6100081,161,485,0,899651,11402,888211,38,25,0,11,20.000000,97
4,DiscriminationTree,monitor-buchi,none,72,190,6176683,76438,6100081,164,485,0,899652,11402,888211,39,25,0,3,20.000000,97
4,DiscriminationTree,monitor-buchi,none,76,190,6176689,76438,6100081,170,485,0,899653,11402,888211,40,25,0,6,20.000000,97
4,DiscriminationTree,monitor-buchi,none,77,190,6176690,76438,6100081,171,485,0,899654,11402,888211,41,25,0,1,20.000000,97
4,DiscriminationTree,monitor-buchi,none,78,190,6176690,76438,6100081,171,498,0,899654,11402,888211,41,27,0,7,20.000000,97
4,DiscriminationTree,monitor-buchi,none,80,190,6176690,76438,6100081,171,509,0,899654,11402,888211,41,29,0,6,20.000000,97
4,DiscriminationTree,monitor-buchi,none,81,190,6176690,76438,6100081,171,520,0,899654,11402,888211,41,31,0,6,20.000000,97
4,DiscriminationTree,monitor-buchi,none,83,190,6176690,76438,6100081,171,541,0,899654,11402,888211,41,33,0,11,20.000000,97
4,DiscriminationTree,monitor-buchi,none,84,190,6176690,76438,6100081,171,567,0,899654,11402,888211,41,35,0,14,20.000000,97
4,DiscriminationTree,monitor-buchi,none,85,190,6176694,76438,6100081,175,567,0,899655,11402,888211,42,35,0,4,20.000000,97
4,DiscriminationTree,monitor-buchi,none,86,190,6176699,76438,6100081,180,567,0,899656,11402,888211,43,35,0,5,20.000000,97
4,DiscriminationTree,monitor-buchi,none,87,190,6176702,76438,6100081,183,567,0,899657,11402,888211,44,35,0,3,20.000000,97
4,DiscriminationTree,monitor-buchi,none,89,190,6176703,76438,6100081,184,567,0,899658,11402,888211,45,35,0,1,20.000000,97
4,DiscriminationTree,monitor-buchi,none,91,190,6176710,76438,6100081,191,567,0,899659,11402,888211,46,35,0,7,20.000000,97
4,DiscriminationTree,monitor-buchi,none,92,190,6176712,76438,6100081,193,567,0,899660,11402,888211,47,35,0,2,20.000000,97
4,DiscriminationTree,monitor-buchi,none,93,190,6176716,76438,6100081,197,567,0,899661,11402,888211,48,35,0,4,20.000000,97
4,DiscriminationTree,monitor-buchi,none,94,190,6176716,76438,6100081,197,602,0,899661,11402,888211,48,38,0,13,20.000000,97
4,DiscriminationTree,monitor-buchi,none,95,190,6176720,76438,6100081,201,602,0,899662,11402,888211,49,38,0,4,20.000000,97
4,DiscriminationTree,monitor-buchi,none,96,190,6176722,76438,6100081,203,602,0,899663,11402,888211,50,38,0,2,20.000000,97
4,DiscriminationTree,monitor-buchi,none,97,190,6176725,76438,6100081,206,602,0,899664,11402,888211,51,38,0,3,20.000000,97
4,DiscriminationTree,monitor-buchi,none,98,190,6176729,76438,6100081,210,602,0,899665,11402,888211,52,38,0,4,20.000000,97
4,DiscriminationTree,monitor-buchi,none,99,190,6176735,76438,6100081,216,602,0,899666,11402,888211,53,38,0,6,20.000000,97
