problem,learner,aut,bbo,property,size,realsymbols,learnsymbols,eqsymbols,emsymbols,emosymbols,insymbols,realqueries,learnqueries,eqqueries,emqueries,emoqueries,inqueries,length,multiplier,refinements
4,ExtensibleLStar,monitor-buchi,disprove-first,1,178,121984,121980,0,4,0,0,19592,19591,0,1,0,0,4,20.000000,1
4,ExtensibleLStar,monitor-buchi,disprove-first,3,178,121984,121980,0,4,231393,0,19592,19591,0,1,7121,0,14,20.000000,1
4,ExtensibleLStar,monitor-buchi,disprove-first,4,178,121990,121980,0,10,231393,0,19593,19591,0,2,7121,0,6,20.000000,1
4,ExtensibleLStar,monitor-buchi,disprove-first,5,178,121991,121980,0,11,231393,0,19594,19591,0,3,7121,0,1,20.000000,1
4,ExtensibleLStar,monitor-buchi,disprove-first,7,178,121992,121980,0,12,231393,0,19595,19591,0,4,7121,0,1,20.000000,1
4,ExtensibleLStar,monitor-buchi,disprove-first,9,178,121999,121980,0,19,231393,0,19596,19591,0,5,7121,0,7,20.000000,1
4,ExtensibleLStar,monitor-buchi,disprove-first,10,178,122005,121980,0,25,231393,0,19597,19591,0,6,7121,0,6,20.000000,1
4,ExtensibleLStar,monitor-buchi,disprove-first,12,178,122025,121980,0,45,647913,0,19599,19591,0,8,14241,0,5,20.000000,1
4,ExtensibleLStar,monitor-buchi,disprove-first,14,178,122027,121980,0,47,647913,0,19600,19591,0,9,14241,0,2,20.000000,1
4,ExtensibleLStar,monitor-buchi,disprove-first,16,178,122030,121980,0,50,647913,0,19601,19591,0,10,14241,0,3,20.000000,1
4,ExtensibleLStar,monitor-buchi,disprove-first,17,178,122037,121980,0,57,647913,0,19602,19591,0,11,14241,0,7,20.000000,1
4,ExtensibleLStar,monitor-buchi,disprove-first,19,178,122039,121980,0,59,647913,0,19603,19591,0,12,14241,0,2,20.000000,1
4,ExtensibleLStar,monitor-buchi,disprove-first,21,178,122040,121980,0,60,647913,0,19604,19591,0,13,14241,0,1,20.000000,1
4,ExtensibleLStar,monitor-buchi,disprove-first,22,178,122045,121980,0,65,647913,0,19605,19591,0,14,14241,0,5,20.000000,1
4,ExtensibleLStar,monitor-buchi,disprove-first,24,178,122048,121980,0,68,647913,0,19606,19591,0,15,14241,0,3,20.000000,1
4,ExtensibleLStar,monitor-buchi,disprove-first,25,178,122052,121980,0,72,647913,0,19607,19591,0,16,14241,0,4,20.000000,1
4,ExtensibleLStar,monitor-buchi,disprove-first,27,178,122054,121980,0,74,647913,0,19608,19591,0,17,14241,0,2,20.000000,1
4,ExtensibleLStar,monitor-buchi,disprove-first,28,178,122057,121980,0,77,647913,0,19609,19591,0,18,14241,0,3,20.000000,1
4,ExtensibleLStar,monitor-buchi,disprove-first,29,178,122057,121980,0,77,647962,0,19609,19591,0,18,14244,0,21,20.000000,1
4,ExtensibleLStar,monitor-buchi,disprove-first,32,178,122066,121980,0,86,886539,0,19610,19591,0,19,21366,0,33,20.000000,1
4,ExtensibleLStar,monitor-buchi,disprove-first,33,178,122071,121980,0,91,886539,0,19611,19591,0,20,21366,0,5,20.000000,1
4,ExtensibleLStar,monitor-buchi,disprove-first,35,178,122073,121980,0,93,1071632,0,19612,19591,0,21,28485,0,2,20.000000,1
4,ExtensibleLStar,monitor-buchi,disprove-first,36,178,122078,121980,0,98,1071632,0,19613,19591,0,22,28485,0,5,20.000000,1
4,ExtensibleLStar,monitor-buchi,disprove-first,37,178,122085,121980,0,105,1071632,0,19614,19591,0,23,28485,0,7,20.000000,1
4,ExtensibleLStar,monitor-buchi,disprove-first,38,178,122087,121980,0,107,1071632,0,19615,19591,0,24,28485,0,2,20.000000,1
4,ExtensibleLStar,monitor-buchi,disprove-first,39,178,122087,121980,0,107,1071667,0,19615,19591,0,24,28488,0,13,20.000000,1
4,ExtensibleLStar,monitor-buchi,disprove-first,41,178,122093,121980,0,113,1071667,0,19616,19591,0,25,28488,0,6,20.000000,1
4,ExtensibleLStar,monitor-buchi,disprove-first,42,178,122095,121980,0,115,1071667,0,19617,19591,0,26,28488,0,2,20.000000,1
4,ExtensibleLStar,monitor-buchi,disprove-first,43,178,122098,121980,0,118,1071667,0,19618,19591,0,27,28488,0,3,20.000000,1
4,ExtensibleLStar,monitor-buchi,disprove-first,44,178,122104,121980,0,124,1071667,0,19619,19591,0,28,28488,0,6,20.000000,1
4,ExtensibleLStar,monitor-buchi,disprove-first,45,178,122107,121980,0,127,1071667,0,19620,19591,0,29,28488,0,3,20.000000,1
4,ExtensibleLStar,monitor-buchi,disprove-first,47,178,122114,121980,0,134,1071667,0,19621,19591,0,30,28488,0,7,20.000000,1
4,ExtensibleLStar,monitor-buchi,disprove-first,49,178,122120,121980,0,140,1320828,0,19622,19591,0,31,35607,0,6,20.000000,1
4,ExtensibleLStar,monitor-buchi,disprove-first,50,178,122123,121980,0,143,1320828,0,19623,19591,0,32,35607,0,3,20.000000,1
4,ExtensibleLStar,monitor-buchi,disprove-first,52,178,122131,121980,0,151,1320828,0,19624,19591,0,33,35607,0,8,20.000000,1
4,ExtensibleLStar,monitor-buchi,disprove-first,56,178,122131,121980,0,151,1320868,0,19624,19591,0,33,35609,0,21,20.000000,1
4,ExtensibleLStar,monitor-buchi,disprove-first,57,178,122131,121980,0,151,1320957,0,19624,19591,0,33,35612,0,35,20.000000,1
4,ExtensibleLStar,monitor-buchi,disprove-first,58,178,122136,121980,0,156,1320957,0,19625,19591,0,34,35612,0,5,20.000000,1
4,ExtensibleLStar,monitor-buchi,disprove-first,60,178,122137,121980,0,157,1320957,0,19626,19591,0,35,35612,0,1,20.000000,1
4,ExtensibleLStar,monitor-buchi,disprove-first,61,178,122144,121980,0,164,1320957,0,19627,19591,0,36,35612,0,7,20.000000,1
4,ExtensibleLStar,monitor-buchi,disprove-first,64,178,122163,121980,0,183,1687637,0,19629,19591,0,38,42732,0,6,20.000000,1
4,ExtensibleLStar,monitor-buchi,disprove-first,65,178,122172,121980,0,192,1687637,0,19630,19591,0,39,42732,0,9,20.000000,1
4,ExtensibleLStar,monitor-buchi,disprove-first,66,178,122175,121980,0,195,1687637,0,19631,19591,0,40,42732,0,3,20.000000,1
4,ExtensibleLStar,monitor-buchi,disprove-first,68,178,122178,121980,0,198,1687637,0,19632,19591,0,41,42732,0,3,20.000000,1
4,ExtensibleLStar,monitor-buchi,disprove-first,71,178,122178,121980,0,198,1687658,0,19632,19591,0,41,42734,0,11,20.000000,1
4,ExtensibleLStar,monitor-buchi,disprove-first,72,178,122181,121980,0,201,1687658,0,19633,19591,0,42,42734,0,3,20.000000,1
4,ExtensibleLStar,monitor-buchi,disprove-first,76,178,122187,121980,0,207,1687658,0,19634,19591,0,43,42734,0,6,20.000000,1
4,ExtensibleLStar,monitor-buchi,disprove-first,77,178,122188,121980,0,208,1687658,0,19635,19591,0,44,42734,0,1,20.000000,1
4,ExtensibleLStar,monitor-buchi,disprove-first,83,178,122188,121980,0,208,2420973,0,19635,19591,0,44,64094,0,11,20.000000,1
4,ExtensibleLStar,monitor-buchi,disprove-first,84,178,122188,121980,0,208,2420999,0,19635,19591,0,44,64096,0,14,20.000000,1
4,ExtensibleLStar,monitor-buchi,disprove-first,85,178,122192,121980,0,212,2420999,0,19636,19591,0,45,64096,0,4,20.000000,1
4,ExtensibleLStar,monitor-buchi,disprove-first,86,178,122197,121980,0,217,2420999,0,19637,19591,0,46,64096,0,5,20.000000,1
4,ExtensibleLStar,monitor-buchi,disprove-first,87,178,122200,121980,0,220,2420999,0,19638,19591,0,47,64096,0,3,20.000000,1
4,ExtensibleLStar,monitor-buchi,disprove-first,89,178,122201,121980,0,221,2420999,0,19639,19591,0,48,64096,0,1,20.000000,1
4,ExtensibleLStar,monitor-buchi,disprove-first,92,178,122209,121980,0,229,2823096,0,19641,19591,0,50,71213,0,2,20.000000,1
4,ExtensibleLStar,monitor-buchi,disprove-first,93,178,122213,121980,0,233,2823096,0,19642,19591,0,51,71213,0,4,20.000000,1
4,ExtensibleLStar,monitor-buchi,disprove-first,94,178,122213,121980,0,233,2823131,0,19642,19591,0,51,71216,0,13,20.000000,1
4,ExtensibleLStar,monitor-buchi,disprove-first,95,178,122217,121980,0,237,2823131,0,19643,19591,0,52,71216,0,4,20.000000,1
4,ExtensibleLStar,monitor-buchi,disprove-first,96,178,122219,121980,0,239,2823131,0,19644,19591,0,53,71216,0,2,20.000000,1
4,ExtensibleLStar,monitor-buchi,disprove-first,97,178,122222,121980,0,242,2823131,0,19645,19591,0,54,71216,0,3,20.000000,1
4,ExtensibleLStar,monitor-buchi,disprove-first,98,178,122226,121980,0,246,2823131,0,19646,19591,0,55,71216,0,4,20.000000,1
4,ExtensibleLStar,monitor-buchi,disprove-first,99,178,122232,121980,0,252,2823131,0,19647,19591,0,56,71216,0,6,20.000000,1
4,ExtensibleLStar,monitor-buchi,disprove-first,78,183,839549017,839545174,0,252,4014921,3591,489650,489593,0,56,114531,1,7,20.000000,2
4,ExtensibleLStar,monitor-buchi,disprove-first,91,183,839549024,839545174,0,259,4102747,3591,489651,489593,0,57,129169,1,7,20.000000,2
4,ExtensibleLStar,monitor-buchi,disprove-first,2,186,4992627570,4992616398,0,259,4256424,10913,1662974,1662915,0,57,151125,2,6,20.000000,3
4,ExtensibleLStar,monitor-buchi,disprove-first,80,186,4992627570,4992616398,0,259,4710209,10913,1662974,1662915,0,57,166005,2,6,20.000000,3
4,ExtensibleLStar,monitor-buchi,disprove-first,81,186,4992627570,4992616398,0,259,4710220,10913,1662974,1662915,0,57,166007,2,6,20.000000,3
