problem,learner,aut,bbo,property,size,realsymbols,learnsymbols,eqsymbols,emsymbols,emosymbols,insymbols,realqueries,learnqueries,eqqueries,emqueries,emoqueries,inqueries,length,multiplier,refinements
1,MalerPnueli,monitor-buchi,cex-first,5,1,6,5,0,1,0,0,7,6,0,1,0,0,1,5.000000,1
1,MalerPnueli,monitor-buchi,cex-first,3,7,11216,11191,0,4,240,21,831,828,0,2,160,1,3,5.000000,2
1,MalerPnueli,monitor-buchi,cex-first,2,20,40159,40097,0,35,1205,27,2938,2929,0,7,229,2,7,5.000000,3
1,MalerPnueli,monitor-buchi,cex-first,4,20,40165,40097,0,41,1205,27,2939,2929,0,8,229,2,6,5.000000,3
1,MalerPnueli,monitor-buchi,cex-first,12,20,40167,40097,0,43,1205,27,2940,2929,0,9,229,2,2,5.000000,3
1,MalerPnueli,monitor-buchi,cex-first,15,20,40170,40097,0,46,1205,27,2941,2929,0,10,229,2,3,5.000000,3
1,MalerPnueli,monitor-buchi,cex-first,17,20,40174,40097,0,50,1205,27,2942,2929,0,11,229,2,4,5.000000,3
1,MalerPnueli,monitor-buchi,cex-first,18,20,40174,40097,0,50,1224,27,2942,2929,0,11,231,2,10,5.000000,3
1,MalerPnueli,monitor-buchi,cex-first,19,20,40178,40097,0,54,1224,27,2943,2929,0,12,231,2,4,5.000000,3
1,MalerPnueli,monitor-buchi,cex-first,20,20,40183,40097,0,59,1224,27,2944,2929,0,13,231,2,5,5.000000,3
1,MalerPnueli,monitor-buchi,cex-first,23,20,40183,40097,0,59,1246,27,2944,2929,0,13,234,2,10,5.000000,3
1,MalerPnueli,monitor-buchi,cex-first,25,20,40184,40097,0,60,1246,27,2945,2929,0,14,234,2,1,5.000000,3
1,MalerPnueli,monitor-buchi,cex-first,26,20,40185,40097,0,61,1246,27,2946,2929,0,15,234,2,1,5.000000,3
1,MalerPnueli,monitor-buchi,cex-first,27,20,40190,40097,0,66,1246,27,2947,2929,0,16,234,2,5,5.000000,3
1,MalerPnueli,monitor-buchi,cex-first,29,20,40191,40097,0,67,1246,27,2948,2929,0,17,234,2,1,5.000000,3
1,MalerPnueli,monitor-buchi,cex-first,31,20,40195,40097,0,71,1246,27,2949,2929,0,18,234,2,4,5.000000,3
1,MalerPnueli,monitor-buchi,cex-first,32,20,40200,40097,0,76,1246,27,2950,2929,0,19,234,2,5,5.000000,3
1,MalerPnueli,monitor-buchi,cex-first,33,20,40205,40097,0,81,1246,27,2951,2929,0,20,234,2,5,5.000000,3
1,MalerPnueli,monitor-buchi,cex-first,34,20,40209,40097,0,85,1246,27,2952,2929,0,21,234,2,4,5.000000,3
1,MalerPnueli,monitor-buchi,cex-first,37,20,40216,40097,0,92,1246,27,2953,2929,0,22,234,2,7,5.000000,3
1,MalerPnueli,monitor-buchi,cex-first,38,20,40217,40097,0,93,1246,27,2954,2929,0,23,234,2,1,5.000000,3
1,MalerPnueli,monitor-buchi,cex-first,39,20,40222,40097,0,98,1246,27,2955,2929,0,24,234,2,5,5.000000,3
1,MalerPnueli,monitor-buchi,cex-first,42,20,40228,40097,0,104,1246,27,2956,2929,0,25,234,2,6,5.000000,3
1,MalerPnueli,monitor-buchi,cex-first,44,20,40228,40097,0,104,1260,27,2956,2929,0,25,236,2,9,5.000000,3
1,MalerPnueli,monitor-buchi,cex-first,47,20,40233,40097,0,109,1260,27,2957,2929,0,26,236,2,5,5.000000,3
1,MalerPnueli,monitor-buchi,cex-first,48,20,40239,40097,0,115,1260,27,2958,2929,0,27,236,2,6,5.000000,3
1,MalerPnueli,monitor-buchi,cex-first,49,20,40243,40097,0,119,1260,27,2959,2929,0,28,236,2,4,5.000000,3
1,MalerPnueli,monitor-buchi,cex-first,50,20,40244,40097,0,120,1260,27,2960,2929,0,29,236,2,1,5.000000,3
1,MalerPnueli,monitor-buchi,cex-first,53,20,40245,40097,0,121,1260,27,2961,2929,0,30,236,2,1,5.000000,3
1,MalerPnueli,monitor-buchi,cex-first,54,20,40248,40097,0,124,1260,27,2962,2929,0,31,236,2,3,5.000000,3
1,MalerPnueli,monitor-buchi,cex-first,56,20,40254,40097,0,130,1260,27,2963,2929,0,32,236,2,6,5.000000,3
1,MalerPnueli,monitor-buchi,cex-first,57,20,40255,40097,0,131,1260,27,2964,2929,0,33,236,2,1,5.000000,3
1,MalerPnueli,monitor-buchi,cex-first,58,20,40258,40097,0,134,1260,27,2965,2929,0,34,236,2,3,5.000000,3
1,MalerPnueli,monitor-buchi,cex-first,59,20,40258,40097,0,134,1279,27,2965,2929,0,34,238,2,10,5.000000,3
1,MalerPnueli,monitor-buchi,cex-first,61,20,40258,40097,0,134,1304,27,2965,2929,0,34,241,2,11,5.000000,3
1,MalerPnueli,monitor-buchi,cex-first,62,20,40258,40097,0,134,1323,27,2965,2929,0,34,243,2,10,5.000000,3
1,MalerPnueli,monitor-buchi,cex-first,63,20,40260,40097,0,136,1323,27,2966,2929,0,35,243,2,2,5.000000,3
1,MalerPnueli,monitor-buchi,cex-first,64,20,40260,40097,0,136,1341,27,2966,2929,0,35,245,2,14,5.000000,3
1,MalerPnueli,monitor-buchi,cex-first,65,20,40264,40097,0,140,1341,27,2967,2929,0,36,245,2,4,5.000000,3
1,MalerPnueli,monitor-buchi,cex-first,66,20,40268,40097,0,144,1341,27,2968,2929,0,37,245,2,4,5.000000,3
1,MalerPnueli,monitor-buchi,cex-first,73,20,40270,40097,0,146,1341,27,2969,2929,0,38,245,2,2,5.000000,3
1,MalerPnueli,monitor-buchi,cex-first,75,20,40273,40097,0,149,1341,27,2970,2929,0,39,245,2,3,5.000000,3
1,MalerPnueli,monitor-buchi,cex-first,81,20,40273,40097,0,149,1367,27,2970,2929,0,39,247,2,15,5.000000,3
1,MalerPnueli,monitor-buchi,cex-first,84,20,40278,40097,0,154,1367,27,2971,2929,0,40,247,2,5,5.000000,3
1,MalerPnueli,monitor-buchi,cex-first,87,20,40283,40097,0,159,1367,27,2972,2929,0,41,247,2,5,5.000000,3
1,MalerPnueli,monitor-buchi,cex-first,88,20,40287,40097,0,163,1367,27,2973,2929,0,42,247,2,4,5.000000,3
1,MalerPnueli,monitor-buchi,cex-first,89,20,40291,40097,0,167,1367,27,2974,2929,0,43,247,2,4,5.000000,3
1,MalerPnueli,monitor-buchi,cex-first,90,20,40292,40097,0,168,1367,27,2975,2929,0,44,247,2,1,5.000000,3
1,MalerPnueli,monitor-buchi,cex-first,91,20,40292,40097,0,168,1410,27,2975,2929,0,44,250,2,17,5.000000,3
1,MalerPnueli,monitor-buchi,cex-first,93,20,40294,40097,0,170,1410,27,2976,2929,0,45,250,2,2,5.000000,3
1,MalerPnueli,monitor-buchi,cex-first,94,20,40299,40097,0,175,1410,27,2977,2929,0,46,250,2,5,5.000000,3
1,MalerPnueli,monitor-buchi,cex-first,98,20,40304,40097,0,180,1410,27,2978,2929,0,47,250,2,5,5.000000,3
