problem,learner,aut,bbo,property,size,realsymbols,learnsymbols,eqsymbols,emsymbols,emosymbols,insymbols,realqueries,learnqueries,eqqueries,emqueries,emoqueries,inqueries,length,multiplier,refinements
7,MalerPnueli,monitor-buchi,none,0,666,7773130,7531651,241478,1,0,0,559805,532880,26924,1,0,0,1,35.000000,12
7,MalerPnueli,monitor-buchi,none,1,666,7773131,7531651,241478,2,0,0,559806,532880,26924,2,0,0,1,35.000000,12
7,MalerPnueli,monitor-buchi,none,4,666,7773141,7531651,241478,12,0,0,559807,532880,26924,3,0,0,10,35.000000,12
7,MalerPnueli,monitor-buchi,none,5,666,7773145,7531651,241478,16,0,0,559808,532880,26924,4,0,0,4,35.000000,12
7,MalerPnueli,monitor-buchi,none,6,666,7773149,7531651,241478,20,0,0,559809,532880,26924,5,0,0,4,35.000000,12
7,MalerPnueli,monitor-buchi,none,9,666,7773154,7531651,241478,25,0,0,559810,532880,26924,6,0,0,5,35.000000,12
7,MalerPnueli,monitor-buchi,none,10,666,7773154,7531651,241478,25,92,0,559810,532880,26924,6,3,0,32,35.000000,12
7,MalerPnueli,monitor-buchi,none,13,666,7773154,7531651,241478,25,157,0,559810,532880,26924,6,6,0,25,35.000000,12
7,MalerPnueli,monitor-buchi,none,14,666,7773161,7531651,241478,32,157,0,559811,532880,26924,7,6,0,7,35.000000,12
7,MalerPnueli,monitor-buchi,none,16,666,7773167,7531651,241478,38,157,0,559812,532880,26924,8,6,0,6,35.000000,12
7,MalerPnueli,monitor-buchi,none,18,666,7773167,7531651,241478,38,252,0,559812,532880,26924,8,9,0,33,35.000000,12
7,MalerPnueli,monitor-buchi,none,21,666,7773173,7531651,241478,44,252,0,559813,532880,26924,9,9,0,6,35.000000,12
7,MalerPnueli,monitor-buchi,none,22,666,7773178,7531651,241478,49,252,0,559814,532880,26924,10,9,0,5,35.000000,12
7,MalerPnueli,monitor-buchi,none,23,666,7773184,7531651,241478,55,252,0,559815,532880,26924,11,9,0,6,35.000000,12
7,MalerPnueli,monitor-buchi,none,26,666,7773184,7531651,241478,55,301,0,559815,532880,26924,11,11,0,25,35.000000,12
7,MalerPnueli,monitor-buchi,none,27,666,7773191,7531651,241478,62,301,0,559816,532880,26924,12,11,0,7,35.000000,12
7,MalerPnueli,monitor-buchi,none,28,666,7773199,7531651,241478,70,301,0,559817,532880,26924,13,11,0,8,35.000000,12
7,MalerPnueli,monitor-buchi,none,29,666,7773199,7531651,241478,70,378,0,559817,532880,26924,13,14,0,27,35.000000,12
7,MalerPnueli,monitor-buchi,none,30,666,7773199,7531651,241478,70,461,0,559817,532880,26924,13,17,0,29,35.000000,12
7,MalerPnueli,monitor-buchi,none,35,666,7773206,7531651,241478,77,461,0,559818,532880,26924,14,17,0,7,35.000000,12
7,MalerPnueli,monitor-buchi,none,37,666,7773210,7531651,241478,81,461,0,559819,532880,26924,15,17,0,4,35.000000,12
7,MalerPnueli,monitor-buchi,none,39,666,7773211,7531651,241478,82,461,0,559820,532880,26924,16,17,0,1,35.000000,12
7,MalerPnueli,monitor-buchi,none,40,666,7773216,7531651,241478,87,461,0,559821,532880,26924,17,17,0,5,35.000000,12
7,MalerPnueli,monitor-buchi,none,41,666,7773221,7531651,241478,92,461,0,559822,532880,26924,18,17,0,5,35.000000,12
7,MalerPnueli,monitor-buchi,none,42,666,7773221,7531651,241478,92,521,0,559822,532880,26924,18,19,0,31,35.000000,12
7,MalerPnueli,monitor-buchi,none,43,666,7773226,7531651,241478,97,521,0,559823,532880,26924,19,19,0,5,35.000000,12
7,MalerPnueli,monitor-buchi,none,45,666,7773234,7531651,241478,105,521,0,559824,532880,26924,20,19,0,8,35.000000,12
7,MalerPnueli,monitor-buchi,none,47,666,7773240,7531651,241478,111,521,0,559825,532880,26924,21,19,0,6,35.000000,12
7,MalerPnueli,monitor-buchi,none,48,666,7773245,7531651,241478,116,521,0,559826,532880,26924,22,19,0,5,35.000000,12
7,MalerPnueli,monitor-buchi,none,49,666,7773249,7531651,241478,120,521,0,559827,532880,26924,23,19,0,4,35.000000,12
7,MalerPnueli,monitor-buchi,none,50,666,7773252,7531651,241478,123,521,0,559828,532880,26924,24,19,0,3,35.000000,12
7,MalerPnueli,monitor-buchi,none,51,666,7773256,7531651,241478,127,521,0,559829,532880,26924,25,19,0,4,35.000000,12
7,MalerPnueli,monitor-buchi,none,52,666,7773261,7531651,241478,132,521,0,559830,532880,26924,26,19,0,5,35.000000,12
7,MalerPnueli,monitor-buchi,none,55,666,7773271,7531651,241478,142,521,0,559831,532880,26924,27,19,0,10,35.000000,12
7,MalerPnueli,monitor-buchi,none,56,666,7773275,7531651,241478,146,521,0,559832,532880,26924,28,19,0,4,35.000000,12
7,MalerPnueli,monitor-buchi,none,57,666,7773275,7531651,241478,146,558,0,559832,532880,26924,28,21,0,19,35.000000,12
7,MalerPnueli,monitor-buchi,none,58,666,7773275,7531651,241478,146,587,0,559832,532880,26924,28,23,0,15,35.000000,12
7,MalerPnueli,monitor-buchi,none,60,666,7773282,7531651,241478,153,587,0,559833,532880,26924,29,23,0,7,35.000000,12
7,MalerPnueli,monitor-buchi,none,61,666,7773289,7531651,241478,160,587,0,559834,532880,26924,30,23,0,7,35.000000,12
7,MalerPnueli,monitor-buchi,none,63,666,7773290,7531651,241478,161,587,0,559835,532880,26924,31,23,0,1,35.000000,12
7,MalerPnueli,monitor-buchi,none,64,666,7773290,7531651,241478,161,674,0,559835,532880,26924,31,25,0,44,35.000000,12
7,MalerPnueli,monitor-buchi,none,65,666,7773297,7531651,241478,168,674,0,559836,532880,26924,32,25,0,7,35.000000,12
7,MalerPnueli,monitor-buchi,none,67,666,7773299,7531651,241478,170,674,0,559837,532880,26924,33,25,0,2,35.000000,12
7,MalerPnueli,monitor-buchi,none,68,666,7773300,7531651,241478,171,674,0,559838,532880,26924,34,25,0,1,35.000000,12
7,MalerPnueli,monitor-buchi,none,69,666,7773304,7531651,241478,175,674,0,559839,532880,26924,35,25,0,4,35.000000,12
7,MalerPnueli,monitor-buchi,none,70,666,7773304,7531651,241478,175,719,0,559839,532880,26924,35,28,0,17,35.000000,12
7,MalerPnueli,monitor-buchi,none,74,666,7773304,7531651,241478,175,768,0,559839,532880,26924,35,30,0,25,35.000000,12
7,MalerPnueli,monitor-buchi,none,79,666,7773309,7531651,241478,180,768,0,559840,532880,26924,36,30,0,5,35.000000,12
7,MalerPnueli,monitor-buchi,none,82,666,7773313,7531651,241478,184,768,0,559841,532880,26924,37,30,0,4,35.000000,12
7,MalerPnueli,monitor-buchi,none,86,666,7773319,7531651,241478,190,768,0,559842,532880,26924,38,30,0,6,35.000000,12
7,MalerPnueli,monitor-buchi,none,90,666,7773326,7531651,241478,197,768,0,559843,532880,26924,39,30,0,7,35.000000,12
7,MalerPnueli,monitor-buchi,none,92,666,7773327,7531651,241478,198,768,0,559844,532880,26924,40,30,0,1,35.000000,12
7,MalerPnueli,monitor-buchi,none,93,666,7773330,7531651,241478,201,768,0,559845,532880,26924,41,30,0,3,35.000000,12
7,MalerPnueli,monitor-buchi,none,94,666,7773330,7531651,241478,201,843,0,559845,532880,26924,41,32,0,38,35.000000,12
7,MalerPnueli,monitor-buchi,none,95,666,7773330,7531651,241478,201,935,0,559845,532880,26924,41,35,0,32,35.000000,12
7,MalerPnueli,monitor-buchi,none,98,666,7773335,7531651,241478,206,935,0,559846,532880,26924,42,35,0,5,35.000000,12
7,MalerPnueli,monitor-buchi,none,99,666,7773339,7531651,241478,210,935,0,559847,532880,26924,43,35,0,4,35.000000,12
