problem,learner,aut,bbo,property,size,realsymbols,learnsymbols,eqsymbols,emsymbols,emosymbols,insymbols,realqueries,learnqueries,eqqueries,emqueries,emoqueries,inqueries,length,multiplier,refinements
8,DiscriminationTree,monitor,cex-first,15,1,16,15,0,1,0,0,17,16,0,1,0,0,1,40.000000,1
8,DiscriminationTree,monitor,cex-first,20,3,241,229,0,10,0,2,101,95,0,5,0,1,3,40.000000,2
8,DiscriminationTree,monitor,cex-first,23,3,242,229,0,11,0,2,102,95,0,6,0,1,1,40.000000,2
8,DiscriminationTree,monitor,cex-first,17,8,1256,1231,0,21,0,4,344,332,0,10,0,2,4,40.000000,3
8,DiscriminationTree,monitor,cex-first,38,8,1257,1231,0,22,0,4,345,332,0,11,0,2,1,40.000000,3
8,DiscriminationTree,monitor,cex-first,42,8,1261,1231,0,26,0,4,346,332,0,12,0,2,4,40.000000,3
8,DiscriminationTree,monitor,cex-first,43,8,1265,1231,0,30,0,4,347,332,0,13,0,2,4,40.000000,3
8,DiscriminationTree,monitor,cex-first,44,8,1269,1231,0,34,0,4,348,332,0,14,0,2,4,40.000000,3
8,DiscriminationTree,monitor,cex-first,48,8,1270,1231,0,35,0,4,349,332,0,15,0,2,1,40.000000,3
8,DiscriminationTree,monitor,cex-first,51,8,1271,1231,0,36,0,4,350,332,0,16,0,2,1,40.000000,3
8,DiscriminationTree,monitor,cex-first,3,30,11361,11188,0,138,0,35,1936,1897,0,32,0,7,9,40.000000,8
8,DiscriminationTree,monitor,cex-first,8,33,13268,13038,0,183,0,47,2145,2101,0,36,0,8,9,40.000000,9
8,DiscriminationTree,monitor,cex-first,5,39,16477,16198,0,222,0,57,2531,2482,0,40,0,9,9,40.000000,10
8,DiscriminationTree,monitor,cex-first,7,39,16486,16198,0,231,0,57,2532,2482,0,41,0,9,9,40.000000,10
8,DiscriminationTree,monitor,cex-first,12,39,16494,16198,0,239,0,57,2533,2482,0,42,0,9,8,40.000000,10
8,DiscriminationTree,monitor,cex-first,19,39,16501,16198,0,246,0,57,2534,2482,0,43,0,9,7,40.000000,10
8,DiscriminationTree,monitor,cex-first,28,39,16519,16198,0,264,0,57,2535,2482,0,44,0,9,18,40.000000,10
8,DiscriminationTree,monitor,cex-first,29,39,16528,16198,0,273,0,57,2536,2482,0,45,0,9,9,40.000000,10
8,DiscriminationTree,monitor,cex-first,30,39,16541,16198,0,286,0,57,2537,2482,0,46,0,9,13,40.000000,10
8,DiscriminationTree,monitor,cex-first,31,39,16554,16198,0,299,0,57,2538,2482,0,47,0,9,13,40.000000,10
8,DiscriminationTree,monitor,cex-first,10,43,18776,18330,0,369,0,77,2875,2806,0,57,0,12,10,40.000000,13
8,DiscriminationTree,monitor,cex-first,13,43,18786,18330,0,379,0,77,2876,2806,0,58,0,12,10,40.000000,13
8,DiscriminationTree,monitor,cex-first,34,43,18793,18330,0,386,0,77,2877,2806,0,59,0,12,7,40.000000,13
8,DiscriminationTree,monitor,cex-first,26,45,20174,19633,0,447,0,94,3030,2950,0,66,0,14,10,40.000000,15
8,DiscriminationTree,monitor,cex-first,35,45,20183,19633,0,456,0,94,3031,2950,0,67,0,14,9,40.000000,15
8,DiscriminationTree,monitor,cex-first,36,45,20191,19633,0,464,0,94,3032,2950,0,68,0,14,8,40.000000,15
8,DiscriminationTree,monitor,cex-first,40,45,20201,19633,0,474,0,94,3033,2950,0,69,0,14,10,40.000000,15
8,DiscriminationTree,monitor,cex-first,47,45,20208,19633,0,481,0,94,3034,2950,0,70,0,14,7,40.000000,15
8,DiscriminationTree,monitor,cex-first,50,49,23251,22638,0,511,0,102,3329,3240,0,74,0,15,6,40.000000,16
8,DiscriminationTree,monitor,cex-first,24,77,42639,41980,0,547,0,112,5930,5832,0,81,0,17,6,40.000000,18
8,DiscriminationTree,monitor,cex-first,25,162,127025,126095,0,753,0,177,14797,14670,0,103,0,24,11,40.000000,25
8,DiscriminationTree,monitor,cex-first,53,166,129271,128315,0,774,0,182,15103,14971,0,107,0,25,6,40.000000,26
8,DiscriminationTree,monitor,cex-first,54,166,129276,128315,0,779,0,182,15104,14971,0,108,0,25,5,40.000000,26
8,DiscriminationTree,monitor,cex-first,55,168,130741,129725,0,823,0,193,15288,15150,0,112,0,26,11,40.000000,27
8,DiscriminationTree,monitor,cex-first,56,168,130747,129725,0,829,0,193,15289,15150,0,113,0,26,6,40.000000,27
8,DiscriminationTree,monitor,cex-first,57,194,166498,165308,0,957,0,233,18374,18214,0,129,0,31,8,40.000000,32
8,DiscriminationTree,monitor,cex-first,58,194,166500,165308,0,959,0,233,18375,18214,0,130,0,31,2,40.000000,32
8,DiscriminationTree,monitor,cex-first,59,194,166502,165308,0,961,0,233,18376,18214,0,131,0,31,2,40.000000,32
8,DiscriminationTree,monitor,cex-first,61,194,166508,165308,0,967,0,233,18377,18214,0,132,0,31,6,40.000000,32
8,DiscriminationTree,monitor,cex-first,62,231,208307,206910,0,1117,0,280,22358,22174,0,148,0,36,9,40.000000,37
8,DiscriminationTree,monitor,cex-first,65,231,208308,206910,0,1118,0,280,22359,22174,0,149,0,36,1,40.000000,37
8,DiscriminationTree,monitor,cex-first,67,231,208310,206910,0,1120,0,280,22360,22174,0,150,0,36,2,40.000000,37
8,DiscriminationTree,monitor,cex-first,68,231,208315,206910,0,1125,0,280,22361,22174,0,151,0,36,5,40.000000,37
8,DiscriminationTree,monitor,cex-first,69,231,208317,206910,0,1127,0,280,22362,22174,0,152,0,36,2,40.000000,37
8,DiscriminationTree,monitor,cex-first,71,231,208324,206910,0,1134,0,280,22363,22174,0,153,0,36,7,40.000000,37
8,DiscriminationTree,monitor,cex-first,72,246,223005,221503,0,1202,0,300,23787,23589,0,160,0,38,8,40.000000,39
8,DiscriminationTree,monitor,cex-first,73,246,223013,221503,0,1210,0,300,23788,23589,0,161,0,38,8,40.000000,39
8,DiscriminationTree,monitor,cex-first,74,246,223021,221503,0,1218,0,300,23789,23589,0,162,0,38,8,40.000000,39
8,DiscriminationTree,monitor,cex-first,75,246,223022,221503,0,1219,0,300,23790,23589,0,163,0,38,1,40.000000,39
8,DiscriminationTree,monitor,cex-first,76,246,223026,221503,0,1223,0,300,23791,23589,0,164,0,38,4,40.000000,39
8,DiscriminationTree,monitor,cex-first,77,246,223029,221503,0,1226,0,300,23792,23589,0,165,0,38,3,40.000000,39
8,DiscriminationTree,monitor,cex-first,79,246,223032,221503,0,1229,0,300,23793,23589,0,166,0,38,3,40.000000,39
8,DiscriminationTree,monitor,cex-first,81,246,223035,221503,0,1232,0,300,23794,23589,0,167,0,38,3,40.000000,39
8,DiscriminationTree,monitor,cex-first,82,246,223036,221503,0,1233,0,300,23795,23589,0,168,0,38,1,40.000000,39
8,DiscriminationTree,monitor,cex-first,83,246,223043,221503,0,1240,0,300,23796,23589,0,169,0,38,7,40.000000,39
8,DiscriminationTree,monitor,cex-first,85,246,223044,221503,0,1241,0,300,23797,23589,0,170,0,38,1,40.000000,39
8,DiscriminationTree,monitor,cex-first,86,246,223050,221503,0,1247,0,300,23798,23589,0,171,0,38,6,40.000000,39
8,DiscriminationTree,monitor,cex-first,87,246,223061,221503,0,1258,0,300,23799,23589,0,172,0,38,11,40.000000,39
8,DiscriminationTree,monitor,cex-first,88,246,223069,221503,0,1266,0,300,23800,23589,0,173,0,38,8,40.000000,39
8,DiscriminationTree,monitor,cex-first,89,248,224971,223370,0,1294,0,307,24037,23821,0,177,0,39,7,40.000000,40
8,DiscriminationTree,monitor,cex-first,91,252,228975,227338,0,1323,0,314,24521,24300,0,181,0,40,8,40.000000,41
8,DiscriminationTree,monitor,cex-first,92,252,228982,227338,0,1330,0,314,24522,24300,0,182,0,40,7,40.000000,41
8,DiscriminationTree,monitor,cex-first,95,252,228983,227338,0,1331,0,314,24523,24300,0,183,0,40,1,40.000000,41
8,DiscriminationTree,monitor,cex-first,97,261,236810,235078,0,1399,0,333,25438,25206,0,190,0,42,11,40.000000,43
8,DiscriminationTree,monitor,cex-first,99,261,236811,235078,0,1400,0,333,25439,25206,0,191,0,42,1,40.000000,43
