problem,learner,aut,bbo,property,size,realsymbols,learnsymbols,eqsymbols,emsymbols,emosymbols,insymbols,realqueries,learnqueries,eqqueries,emqueries,emoqueries,inqueries,length,multiplier,refinements
2,DHC,monitor-buchi,cex-first,1,22,12911,12910,0,1,0,0,2212,2211,0,1,0,0,1,10.000000,1
2,DHC,monitor-buchi,cex-first,2,22,12914,12910,0,4,0,0,2213,2211,0,2,0,0,3,10.000000,1
2,DHC,monitor-buchi,cex-first,4,22,12921,12910,0,11,0,0,2214,2211,0,3,0,0,7,10.000000,1
2,DHC,monitor-buchi,cex-first,6,22,12921,12910,0,11,11,0,2214,2211,0,3,2,0,6,10.000000,1
2,DHC,monitor-buchi,cex-first,8,26,39786,38231,0,11,43612,1544,5099,5095,0,3,1749,1,27,10.000000,2
2,DHC,monitor-buchi,cex-first,9,26,39786,38231,0,11,43641,1544,5099,5095,0,3,1752,1,13,10.000000,2
2,DHC,monitor-buchi,cex-first,11,26,39791,38231,0,16,43641,1544,5100,5095,0,4,1752,1,5,10.000000,2
2,DHC,monitor-buchi,cex-first,12,26,39795,38231,0,20,43641,1544,5101,5095,0,5,1752,1,4,10.000000,2
2,DHC,monitor-buchi,cex-first,13,26,39795,38231,0,20,43698,1544,5101,5095,0,5,1755,1,27,10.000000,2
2,DHC,monitor-buchi,cex-first,15,26,39798,38231,0,23,43698,1544,5102,5095,0,6,1755,1,3,10.000000,2
2,DHC,monitor-buchi,cex-first,17,26,39806,38231,0,31,43698,1544,5103,5095,0,7,1755,1,8,10.000000,2
2,DHC,monitor-buchi,cex-first,20,26,39816,38231,0,41,43698,1544,5104,5095,0,8,1755,1,10,10.000000,2
2,DHC,monitor-buchi,cex-first,21,26,39820,38231,0,45,43698,1544,5105,5095,0,9,1755,1,4,10.000000,2
2,DHC,monitor-buchi,cex-first,22,26,39820,38231,0,45,43736,1544,5105,5095,0,9,1758,1,14,10.000000,2
2,DHC,monitor-buchi,cex-first,23,26,39822,38231,0,47,43736,1544,5106,5095,0,10,1758,1,2,10.000000,2
2,DHC,monitor-buchi,cex-first,25,26,39824,38231,0,49,43736,1544,5107,5095,0,11,1758,1,2,10.000000,2
2,DHC,monitor-buchi,cex-first,26,26,39827,38231,0,52,43736,1544,5108,5095,0,12,1758,1,3,10.000000,2
2,DHC,monitor-buchi,cex-first,29,26,39832,38231,0,57,43736,1544,5109,5095,0,13,1758,1,5,10.000000,2
2,DHC,monitor-buchi,cex-first,31,26,39840,38231,0,65,43736,1544,5110,5095,0,14,1758,1,8,10.000000,2
2,DHC,monitor-buchi,cex-first,32,26,39840,38231,0,65,43793,1544,5110,5095,0,14,1761,1,27,10.000000,2
2,DHC,monitor-buchi,cex-first,34,26,39846,38231,0,71,43793,1544,5111,5095,0,15,1761,1,6,10.000000,2
2,DHC,monitor-buchi,cex-first,35,26,39846,38231,0,71,43804,1544,5111,5095,0,15,1763,1,6,10.000000,2
2,DHC,monitor-buchi,cex-first,37,26,39850,38231,0,75,43804,1544,5112,5095,0,16,1763,1,4,10.000000,2
2,DHC,monitor-buchi,cex-first,38,26,39850,38231,0,75,43815,1544,5112,5095,0,16,1765,1,6,10.000000,2
2,DHC,monitor-buchi,cex-first,40,26,39855,38231,0,80,43815,1544,5113,5095,0,17,1765,1,5,10.000000,2
2,DHC,monitor-buchi,cex-first,43,26,39855,38231,0,80,43834,1544,5113,5095,0,17,1767,1,10,10.000000,2
2,DHC,monitor-buchi,cex-first,44,26,39856,38231,0,81,43834,1544,5114,5095,0,18,1767,1,1,10.000000,2
2,DHC,monitor-buchi,cex-first,47,26,39859,38231,0,84,43834,1544,5115,5095,0,19,1767,1,3,10.000000,2
2,DHC,monitor-buchi,cex-first,49,26,39869,38231,0,94,43834,1544,5116,5095,0,20,1767,1,10,10.000000,2
2,DHC,monitor-buchi,cex-first,55,26,39870,38231,0,95,43834,1544,5117,5095,0,21,1767,1,1,10.000000,2
2,DHC,monitor-buchi,cex-first,58,26,39870,38231,0,95,43850,1544,5117,5095,0,21,1769,1,9,10.000000,2
2,DHC,monitor-buchi,cex-first,59,26,39872,38231,0,97,43850,1544,5118,5095,0,22,1769,1,2,10.000000,2
2,DHC,monitor-buchi,cex-first,60,26,39872,38231,0,97,43888,1544,5118,5095,0,22,1771,1,25,10.000000,2
2,DHC,monitor-buchi,cex-first,68,26,39873,38231,0,98,43888,1544,5119,5095,0,23,1771,1,1,10.000000,2
2,DHC,monitor-buchi,cex-first,69,26,39877,38231,0,102,43888,1544,5120,5095,0,24,1771,1,4,10.000000,2
2,DHC,monitor-buchi,cex-first,70,26,39886,38231,0,111,43888,1544,5121,5095,0,25,1771,1,9,10.000000,2
2,DHC,monitor-buchi,cex-first,74,26,39889,38231,0,114,43888,1544,5122,5095,0,26,1771,1,3,10.000000,2
2,DHC,monitor-buchi,cex-first,84,26,39892,38231,0,117,43888,1544,5123,5095,0,27,1771,1,3,10.000000,2
2,DHC,monitor-buchi,cex-first,87,26,39893,38231,0,118,43888,1544,5124,5095,0,28,1771,1,1,10.000000,2
2,DHC,monitor-buchi,cex-first,88,26,39895,38231,0,120,43888,1544,5125,5095,0,29,1771,1,2,10.000000,2
2,DHC,monitor-buchi,cex-first,90,26,39898,38231,0,123,43888,1544,5126,5095,0,30,1771,1,3,10.000000,2
2,DHC,monitor-buchi,cex-first,93,26,39898,38231,0,123,43899,1544,5126,5095,0,30,1773,1,6,10.000000,2
2,DHC,monitor-buchi,cex-first,94,26,39919,38231,0,144,43899,1544,5127,5095,0,31,1773,1,21,10.000000,2
2,DHC,monitor-buchi,cex-first,95,26,39920,38231,0,145,43899,1544,5128,5095,0,32,1773,1,1,10.000000,2
2,DHC,monitor-buchi,cex-first,96,26,39920,38231,0,145,43956,1544,5128,5095,0,32,1776,1,27,10.000000,2
2,DHC,monitor-buchi,cex-first,97,26,39931,38231,0,156,43956,1544,5129,5095,0,33,1776,1,11,10.000000,2
