problem,learner,aut,bbo,property,size,realsymbols,learnsymbols,eqsymbols,emsymbols,emosymbols,insymbols,realqueries,learnqueries,eqqueries,emqueries,emoqueries,inqueries,length,multiplier,refinements
8,KearnsVazirani,monitor,none,3,646,1252494583,895886,1251598692,5,0,0,127161537,100962,127060574,1,0,0,5,40.000000,383
8,KearnsVazirani,monitor,none,5,646,1252494589,895886,1251598692,11,0,0,127161538,100962,127060574,2,0,0,6,40.000000,383
8,KearnsVazirani,monitor,none,7,646,1252494596,895886,1251598692,18,0,0,127161539,100962,127060574,3,0,0,7,40.000000,383
8,KearnsVazirani,monitor,none,8,646,1252494602,895886,1251598692,24,0,0,127161540,100962,127060574,4,0,0,6,40.000000,383
8,KearnsVazirani,monitor,none,10,646,1252494608,895886,1251598692,30,0,0,127161541,100962,127060574,5,0,0,6,40.000000,383
8,KearnsVazirani,monitor,none,12,646,1252494612,895886,1251598692,34,0,0,127161542,100962,127060574,6,0,0,4,40.000000,383
8,KearnsVazirani,monitor,none,13,646,1252494617,895886,1251598692,39,0,0,127161543,100962,127060574,7,0,0,5,40.000000,383
8,KearnsVazirani,monitor,none,15,646,1252494618,895886,1251598692,40,0,0,127161544,100962,127060574,8,0,0,1,40.000000,383
8,KearnsVazirani,monitor,none,17,646,1252494622,895886,1251598692,44,0,0,127161545,100962,127060574,9,0,0,4,40.000000,383
8,KearnsVazirani,monitor,none,19,646,1252494628,895886,1251598692,50,0,0,127161546,100962,127060574,10,0,0,6,40.000000,383
8,KearnsVazirani,monitor,none,20,646,1252494631,895886,1251598692,53,0,0,127161547,100962,127060574,11,0,0,3,40.000000,383
8,KearnsVazirani,monitor,none,23,646,1252494632,895886,1251598692,54,0,0,127161548,100962,127060574,12,0,0,1,40.000000,383
8,KearnsVazirani,monitor,none,24,646,1252494637,895886,1251598692,59,0,0,127161549,100962,127060574,13,0,0,5,40.000000,383
8,KearnsVazirani,monitor,none,25,646,1252494646,895886,1251598692,68,0,0,127161550,100962,127060574,14,0,0,9,40.000000,383
8,KearnsVazirani,monitor,none,26,646,1252494650,895886,1251598692,72,0,0,127161551,100962,127060574,15,0,0,4,40.000000,383
8,KearnsVazirani,monitor,none,28,646,1252494661,895886,1251598692,83,0,0,127161552,100962,127060574,16,0,0,11,40.000000,383
8,KearnsVazirani,monitor,none,29,646,1252494666,895886,1251598692,88,0,0,127161553,100962,127060574,17,0,0,5,40.000000,383
8,KearnsVazirani,monitor,none,30,646,1252494673,895886,1251598692,95,0,0,127161554,100962,127060574,18,0,0,7,40.000000,383
8,KearnsVazirani,monitor,none,31,646,1252494679,895886,1251598692,101,0,0,127161555,100962,127060574,19,0,0,6,40.000000,383
8,KearnsVazirani,monitor,none,34,646,1252494686,895886,1251598692,108,0,0,127161556,100962,127060574,20,0,0,7,40.000000,383
8,KearnsVazirani,monitor,none,35,646,1252494692,895886,1251598692,114,0,0,127161557,100962,127060574,21,0,0,6,40.000000,383
8,KearnsVazirani,monitor,none,36,646,1252494699,895886,1251598692,121,0,0,127161558,100962,127060574,22,0,0,7,40.000000,383
8,KearnsVazirani,monitor,none,38,646,1252494700,895886,1251598692,122,0,0,127161559,100962,127060574,23,0,0,1,40.000000,383
8,KearnsVazirani,monitor,none,40,646,1252494705,895886,1251598692,127,0,0,127161560,100962,127060574,24,0,0,5,40.000000,383
8,KearnsVazirani,monitor,none,42,646,1252494707,895886,1251598692,129,0,0,127161561,100962,127060574,25,0,0,2,40.000000,383
8,KearnsVazirani,monitor,none,43,646,1252494711,895886,1251598692,133,0,0,127161562,100962,127060574,26,0,0,4,40.000000,383
8,KearnsVazirani,monitor,none,44,646,1252494715,895886,1251598692,137,0,0,127161563,100962,127060574,27,0,0,4,40.000000,383
8,KearnsVazirani,monitor,none,47,646,1252494720,895886,1251598692,142,0,0,127161564,100962,127060574,28,0,0,5,40.000000,383
8,KearnsVazirani,monitor,none,48,646,1252494721,895886,1251598692,143,0,0,127161565,100962,127060574,29,0,0,1,40.000000,383
8,KearnsVazirani,monitor,none,50,646,1252494725,895886,1251598692,147,0,0,127161566,100962,127060574,30,0,0,4,40.000000,383
8,KearnsVazirani,monitor,none,51,646,1252494726,895886,1251598692,148,0,0,127161567,100962,127060574,31,0,0,1,40.000000,383
8,KearnsVazirani,monitor,none,53,646,1252494731,895886,1251598692,153,0,0,127161568,100962,127060574,32,0,0,5,40.000000,383
8,KearnsVazirani,monitor,none,54,646,1252494736,895886,1251598692,158,0,0,127161569,100962,127060574,33,0,0,5,40.000000,383
8,KearnsVazirani,monitor,none,55,646,1252494746,895886,1251598692,168,0,0,127161570,100962,127060574,34,0,0,10,40.000000,383
8,KearnsVazirani,monitor,none,56,646,1252494752,895886,1251598692,174,0,0,127161571,100962,127060574,35,0,0,6,40.000000,383
8,KearnsVazirani,monitor,none,57,646,1252494760,895886,1251598692,182,0,0,127161572,100962,127060574,36,0,0,8,40.000000,383
8,KearnsVazirani,monitor,none,58,646,1252494762,895886,1251598692,184,0,0,127161573,100962,127060574,37,0,0,2,40.000000,383
8,KearnsVazirani,monitor,none,59,646,1252494764,895886,1251598692,186,0,0,127161574,100962,127060574,38,0,0,2,40.000000,383
8,KearnsVazirani,monitor,none,61,646,1252494770,895886,1251598692,192,0,0,127161575,100962,127060574,39,0,0,6,40.000000,383
8,KearnsVazirani,monitor,none,62,646,1252494779,895886,1251598692,201,0,0,127161576,100962,127060574,40,0,0,9,40.000000,383
8,KearnsVazirani,monitor,none,65,646,1252494780,895886,1251598692,202,0,0,127161577,100962,127060574,41,0,0,1,40.000000,383
8,KearnsVazirani,monitor,none,67,646,1252494782,895886,1251598692,204,0,0,127161578,100962,127060574,42,0,0,2,40.000000,383
8,KearnsVazirani,monitor,none,68,646,1252494787,895886,1251598692,209,0,0,127161579,100962,127060574,43,0,0,5,40.000000,383
8,KearnsVazirani,monitor,none,69,646,1252494789,895886,1251598692,211,0,0,127161580,100962,127060574,44,0,0,2,40.000000,383
8,KearnsVazirani,monitor,none,71,646,1252494796,895886,1251598692,218,0,0,127161581,100962,127060574,45,0,0,7,40.000000,383
8,KearnsVazirani,monitor,none,72,646,1252494804,895886,1251598692,226,0,0,127161582,100962,127060574,46,0,0,8,40.000000,383
8,KearnsVazirani,monitor,none,73,646,1252494812,895886,1251598692,234,0,0,127161583,100962,127060574,47,0,0,8,40.000000,383
8,KearnsVazirani,monitor,none,74,646,1252494820,895886,1251598692,242,0,0,127161584,100962,127060574,48,0,0,8,40.000000,383
8,KearnsVazirani,monitor,none,75,646,1252494821,895886,1251598692,243,0,0,127161585,100962,127060574,49,0,0,1,40.000000,383
8,KearnsVazirani,monitor,none,76,646,1252494825,895886,1251598692,247,0,0,127161586,100962,127060574,50,0,0,4,40.000000,383
8,KearnsVazirani,monitor,none,77,646,1252494828,895886,1251598692,250,0,0,127161587,100962,127060574,51,0,0,3,40.000000,383
8,KearnsVazirani,monitor,none,79,646,1252494831,895886,1251598692,253,0,0,127161588,100962,127060574,52,0,0,3,40.000000,383
8,KearnsVazirani,monitor,none,81,646,1252494834,895886,1251598692,256,0,0,127161589,100962,127060574,53,0,0,3,40.000000,383
8,KearnsVazirani,monitor,none,82,646,1252494835,895886,1251598692,257,0,0,127161590,100962,127060574,54,0,0,1,40.000000,383
8,KearnsVazirani,monitor,none,83,646,1252494842,895886,1251598692,264,0,0,127161591,100962,127060574,55,0,0,7,40.000000,383
8,KearnsVazirani,monitor,none,85,646,1252494843,895886,1251598692,265,0,0,127161592,100962,127060574,56,0,0,1,40.000000,383
8,KearnsVazirani,monitor,none,86,646,1252494849,895886,1251598692,271,0,0,127161593,100962,127060574,57,0,0,6,40.000000,383
8,KearnsVazirani,monitor,none,87,646,1252494856,895886,1251598692,278,0,0,127161594,100962,127060574,58,0,0,7,40.000000,383
8,KearnsVazirani,monitor,none,88,646,1252494864,895886,1251598692,286,0,0,127161595,100962,127060574,59,0,0,8,40.000000,383
8,KearnsVazirani,monitor,none,89,646,1252494871,895886,1251598692,293,0,0,127161596,100962,127060574,60,0,0,7,40.000000,383
8,KearnsVazirani,monitor,none,91,646,1252494879,895886,1251598692,301,0,0,127161597,100962,127060574,61,0,0,8,40.000000,383
8,KearnsVazirani,monitor,none,92,646,1252494886,895886,1251598692,308,0,0,127161598,100962,127060574,62,0,0,7,40.000000,383
8,KearnsVazirani,monitor,none,95,646,1252494887,895886,1251598692,309,0,0,127161599,100962,127060574,63,0,0,1,40.000000,383
8,KearnsVazirani,monitor,none,97,646,1252494895,895886,1251598692,317,0,0,127161600,100962,127060574,64,0,0,8,40.000000,383
8,KearnsVazirani,monitor,none,99,646,1252494896,895886,1251598692,318,0,0,127161601,100962,127060574,65,0,0,1,40.000000,383
