problem,learner,aut,bbo,property,size,realsymbols,learnsymbols,eqsymbols,emsymbols,emosymbols,insymbols,realqueries,learnqueries,eqqueries,emqueries,emoqueries,inqueries,length,multiplier,refinements
4,DHC,monitor-buchi,disprove-first,1,178,112514,112510,0,4,0,0,17812,17811,0,1,0,0,4,20.000000,1
4,DHC,monitor-buchi,disprove-first,3,178,112514,112510,0,4,231393,0,17812,17811,0,1,7121,0,14,20.000000,1
4,DHC,monitor-buchi,disprove-first,4,178,112520,112510,0,10,231393,0,17813,17811,0,2,7121,0,6,20.000000,1
4,DHC,monitor-buchi,disprove-first,5,178,112521,112510,0,11,231393,0,17814,17811,0,3,7121,0,1,20.000000,1
4,DHC,monitor-buchi,disprove-first,7,178,112522,112510,0,12,231393,0,17815,17811,0,4,7121,0,1,20.000000,1
4,DHC,monitor-buchi,disprove-first,9,178,112529,112510,0,19,231393,0,17816,17811,0,5,7121,0,7,20.000000,1
4,DHC,monitor-buchi,disprove-first,10,178,112535,112510,0,25,231393,0,17817,17811,0,6,7121,0,6,20.000000,1
4,DHC,monitor-buchi,disprove-first,12,178,112555,112510,0,45,647913,0,17819,17811,0,8,14241,0,5,20.000000,1
4,DHC,monitor-buchi,disprove-first,14,178,112557,112510,0,47,647913,0,17820,17811,0,9,14241,0,2,20.000000,1
4,DHC,monitor-buchi,disprove-first,16,178,112560,112510,0,50,647913,0,17821,17811,0,10,14241,0,3,20.000000,1
4,DHC,monitor-buchi,disprove-first,17,178,112567,112510,0,57,647913,0,17822,17811,0,11,14241,0,7,20.000000,1
4,DHC,monitor-buchi,disprove-first,19,178,112569,112510,0,59,647913,0,17823,17811,0,12,14241,0,2,20.000000,1
4,DHC,monitor-buchi,disprove-first,21,178,112570,112510,0,60,647913,0,17824,17811,0,13,14241,0,1,20.000000,1
4,DHC,monitor-buchi,disprove-first,22,178,112575,112510,0,65,647913,0,17825,17811,0,14,14241,0,5,20.000000,1
4,DHC,monitor-buchi,disprove-first,24,178,112578,112510,0,68,647913,0,17826,17811,0,15,14241,0,3,20.000000,1
4,DHC,monitor-buchi,disprove-first,25,178,112582,112510,0,72,647913,0,17827,17811,0,16,14241,0,4,20.000000,1
4,DHC,monitor-buchi,disprove-first,27,178,112584,112510,0,74,647913,0,17828,17811,0,17,14241,0,2,20.000000,1
4,DHC,monitor-buchi,disprove-first,28,178,112587,112510,0,77,647913,0,17829,17811,0,18,14241,0,3,20.000000,1
4,DHC,monitor-buchi,disprove-first,29,178,112587,112510,0,77,647962,0,17829,17811,0,18,14244,0,21,20.000000,1
4,DHC,monitor-buchi,disprove-first,32,178,112596,112510,0,86,886539,0,17830,17811,0,19,21366,0,33,20.000000,1
4,DHC,monitor-buchi,disprove-first,33,178,112601,112510,0,91,886539,0,17831,17811,0,20,21366,0,5,20.000000,1
4,DHC,monitor-buchi,disprove-first,35,178,112603,112510,0,93,1071632,0,17832,17811,0,21,28485,0,2,20.000000,1
4,DHC,monitor-buchi,disprove-first,36,178,112608,112510,0,98,1071632,0,17833,17811,0,22,28485,0,5,20.000000,1
4,DHC,monitor-buchi,disprove-first,37,178,112615,112510,0,105,1071632,0,17834,17811,0,23,28485,0,7,20.000000,1
4,DHC,monitor-buchi,disprove-first,38,178,112617,112510,0,107,1071632,0,17835,17811,0,24,28485,0,2,20.000000,1
4,DHC,monitor-buchi,disprove-first,39,178,112617,112510,0,107,1071667,0,17835,17811,0,24,28488,0,13,20.000000,1
4,DHC,monitor-buchi,disprove-first,41,178,112623,112510,0,113,1071667,0,17836,17811,0,25,28488,0,6,20.000000,1
4,DHC,monitor-buchi,disprove-first,42,178,112625,112510,0,115,1071667,0,17837,17811,0,26,28488,0,2,20.000000,1
4,DHC,monitor-buchi,disprove-first,43,178,112628,112510,0,118,1071667,0,17838,17811,0,27,28488,0,3,20.000000,1
4,DHC,monitor-buchi,disprove-first,44,178,112634,112510,0,124,1071667,0,17839,17811,0,28,28488,0,6,20.000000,1
4,DHC,monitor-buchi,disprove-first,45,178,112637,112510,0,127,1071667,0,17840,17811,0,29,28488,0,3,20.000000,1
4,DHC,monitor-buchi,disprove-first,47,178,112644,112510,0,134,1071667,0,17841,17811,0,30,28488,0,7,20.000000,1
4,DHC,monitor-buchi,disprove-first,49,178,112650,112510,0,140,1320828,0,17842,17811,0,31,35607,0,6,20.000000,1
4,DHC,monitor-buchi,disprove-first,50,178,112653,112510,0,143,1320828,0,17843,17811,0,32,35607,0,3,20.000000,1
4,DHC,monitor-buchi,disprove-first,52,178,112661,112510,0,151,1320828,0,17844,17811,0,33,35607,0,8,20.000000,1
4,DHC,monitor-buchi,disprove-first,56,178,112661,112510,0,151,1320868,0,17844,17811,0,33,35609,0,21,20.000000,1
4,DHC,monitor-buchi,disprove-first,57,178,112661,112510,0,151,1320957,0,17844,17811,0,33,35612,0,35,20.000000,1
4,DHC,monitor-buchi,disprove-first,58,178,112666,112510,0,156,1320957,0,17845,17811,0,34,35612,0,5,20.000000,1
4,DHC,monitor-buchi,disprove-first,60,178,112667,112510,0,157,1320957,0,17846,17811,0,35,35612,0,1,20.000000,1
4,DHC,monitor-buchi,disprove-first,61,178,112674,112510,0,164,1320957,0,17847,17811,0,36,35612,0,7,20.000000,1
4,DHC,monitor-buchi,disprove-first,64,178,112693,112510,0,183,1687637,0,17849,17811,0,38,42732,0,6,20.000000,1
4,DHC,monitor-buchi,disprove-first,65,178,112702,112510,0,192,1687637,0,17850,17811,0,39,42732,0,9,20.000000,1
4,DHC,monitor-buchi,disprove-first,66,178,112705,112510,0,195,1687637,0,17851,17811,0,40,42732,0,3,20.000000,1
4,DHC,monitor-buchi,disprove-first,68,178,112708,112510,0,198,1687637,0,17852,17811,0,41,42732,0,3,20.000000,1
4,DHC,monitor-buchi,disprove-first,71,178,112708,112510,0,198,1687658,0,17852,17811,0,41,42734,0,11,20.000000,1
4,DHC,monitor-buchi,disprove-first,72,178,112711,112510,0,201,1687658,0,17853,17811,0,42,42734,0,3,20.000000,1
4,DHC,monitor-buchi,disprove-first,76,178,112717,112510,0,207,1687658,0,17854,17811,0,43,42734,0,6,20.000000,1
4,DHC,monitor-buchi,disprove-first,77,178,112718,112510,0,208,1687658,0,17855,17811,0,44,42734,0,1,20.000000,1
4,DHC,monitor-buchi,disprove-first,83,178,112718,112510,0,208,2420973,0,17855,17811,0,44,64094,0,11,20.000000,1
4,DHC,monitor-buchi,disprove-first,84,178,112718,112510,0,208,2420999,0,17855,17811,0,44,64096,0,14,20.000000,1
4,DHC,monitor-buchi,disprove-first,85,178,112722,112510,0,212,2420999,0,17856,17811,0,45,64096,0,4,20.000000,1
4,DHC,monitor-buchi,disprove-first,86,178,112727,112510,0,217,2420999,0,17857,17811,0,46,64096,0,5,20.000000,1
4,DHC,monitor-buchi,disprove-first,87,178,112730,112510,0,220,2420999,0,17858,17811,0,47,64096,0,3,20.000000,1
4,DHC,monitor-buchi,disprove-first,89,178,112731,112510,0,221,2420999,0,17859,17811,0,48,64096,0,1,20.000000,1
4,DHC,monitor-buchi,disprove-first,92,178,112739,112510,0,229,2823096,0,17861,17811,0,50,71213,0,2,20.000000,1
4,DHC,monitor-buchi,disprove-first,93,178,112743,112510,0,233,2823096,0,17862,17811,0,51,71213,0,4,20.000000,1
4,DHC,monitor-buchi,disprove-first,94,178,112743,112510,0,233,2823131,0,17862,17811,0,51,71216,0,13,20.000000,1
4,DHC,monitor-buchi,disprove-first,95,178,112747,112510,0,237,2823131,0,17863,17811,0,52,71216,0,4,20.000000,1
4,DHC,monitor-buchi,disprove-first,96,178,112749,112510,0,239,2823131,0,17864,17811,0,53,71216,0,2,20.000000,1
4,DHC,monitor-buchi,disprove-first,97,178,112752,112510,0,242,2823131,0,17865,17811,0,54,71216,0,3,20.000000,1
4,DHC,monitor-buchi,disprove-first,98,178,112756,112510,0,246,2823131,0,17866,17811,0,55,71216,0,4,20.000000,1
4,DHC,monitor-buchi,disprove-first,99,178,112762,112510,0,252,2823131,0,17867,17811,0,56,71216,0,6,20.000000,1
4,DHC,monitor-buchi,disprove-first,48,183,6809670,6805827,0,252,3758798,3591,38023,37966,0,56,107212,1,26,20.000000,2
4,DHC,monitor-buchi,disprove-first,78,183,6809670,6805827,0,252,3758811,3591,38023,37966,0,56,107214,1,7,20.000000,2
4,DHC,monitor-buchi,disprove-first,2,188,34343053,34324482,0,285,5787027,18286,84603,84540,0,60,224727,3,6,20.000000,4
4,DHC,monitor-buchi,disprove-first,34,188,34343053,34324482,0,285,5787099,18286,84603,84540,0,60,224730,3,26,20.000000,4
4,DHC,monitor-buchi,disprove-first,80,188,34343053,34324482,0,285,5787110,18286,84603,84540,0,60,224732,3,6,20.000000,4
4,DHC,monitor-buchi,disprove-first,81,188,34343053,34324482,0,285,5787121,18286,84603,84540,0,60,224734,3,6,20.000000,4
4,DHC,monitor-buchi,disprove-first,91,188,34343059,34324482,0,291,5787276,18286,84604,84540,0,61,224737,3,53,20.000000,4
