problem,learner,aut,bbo,property,size,realsymbols,learnsymbols,eqsymbols,emsymbols,emosymbols,insymbols,realqueries,learnqueries,eqqueries,emqueries,emoqueries,inqueries,length,multiplier,refinements
8,DHC,monitor-buchi,disprove-first,3,542,1029620,1029615,0,5,0,0,121967,121966,0,1,0,0,5,40.000000,1
8,DHC,monitor-buchi,disprove-first,5,542,1029626,1029615,0,11,368560,0,121968,121966,0,2,43360,0,6,40.000000,1
8,DHC,monitor-buchi,disprove-first,7,542,1029633,1029615,0,18,368560,0,121969,121966,0,3,43360,0,7,40.000000,1
8,DHC,monitor-buchi,disprove-first,8,542,1029639,1029615,0,24,368560,0,121970,121966,0,4,43360,0,6,40.000000,1
8,DHC,monitor-buchi,disprove-first,10,542,1029645,1029615,0,30,368560,0,121971,121966,0,5,43360,0,6,40.000000,1
8,DHC,monitor-buchi,disprove-first,12,542,1029649,1029615,0,34,368560,0,121972,121966,0,6,43360,0,4,40.000000,1
8,DHC,monitor-buchi,disprove-first,13,542,1029654,1029615,0,39,368560,0,121973,121966,0,7,43360,0,5,40.000000,1
8,DHC,monitor-buchi,disprove-first,15,542,1029655,1029615,0,40,368560,0,121974,121966,0,8,43360,0,1,40.000000,1
8,DHC,monitor-buchi,disprove-first,17,542,1029659,1029615,0,44,2905120,0,121975,121966,0,9,86720,0,4,40.000000,1
8,DHC,monitor-buchi,disprove-first,19,542,1029665,1029615,0,50,2905120,0,121976,121966,0,10,86720,0,6,40.000000,1
8,DHC,monitor-buchi,disprove-first,20,542,1029668,1029615,0,53,2905120,0,121977,121966,0,11,86720,0,3,40.000000,1
8,DHC,monitor-buchi,disprove-first,23,542,1029669,1029615,0,54,4227600,0,121978,121966,0,12,130080,0,1,40.000000,1
8,DHC,monitor-buchi,disprove-first,24,542,1029674,1029615,0,59,4227600,0,121979,121966,0,13,130080,0,5,40.000000,1
8,DHC,monitor-buchi,disprove-first,26,542,1029687,1029615,0,72,5203200,0,121981,121966,0,15,173440,0,4,40.000000,1
8,DHC,monitor-buchi,disprove-first,28,542,1029698,1029615,0,83,5203200,0,121982,121966,0,16,173440,0,11,40.000000,1
8,DHC,monitor-buchi,disprove-first,29,542,1029703,1029615,0,88,5203200,0,121983,121966,0,17,173440,0,5,40.000000,1
8,DHC,monitor-buchi,disprove-first,30,542,1029710,1029615,0,95,5203200,0,121984,121966,0,18,173440,0,7,40.000000,1
8,DHC,monitor-buchi,disprove-first,31,542,1029716,1029615,0,101,5203200,0,121985,121966,0,19,173440,0,6,40.000000,1
8,DHC,monitor-buchi,disprove-first,34,542,1029723,1029615,0,108,5810224,0,121986,121966,0,20,216799,0,7,40.000000,1
8,DHC,monitor-buchi,disprove-first,35,542,1029729,1029615,0,114,5810224,0,121987,121966,0,21,216799,0,6,40.000000,1
8,DHC,monitor-buchi,disprove-first,36,542,1029736,1029615,0,121,5810224,0,121988,121966,0,22,216799,0,7,40.000000,1
8,DHC,monitor-buchi,disprove-first,38,542,1029737,1029615,0,122,6569024,0,121989,121966,0,23,260159,0,1,40.000000,1
8,DHC,monitor-buchi,disprove-first,40,542,1029742,1029615,0,127,6569024,0,121990,121966,0,24,260159,0,5,40.000000,1
8,DHC,monitor-buchi,disprove-first,42,542,1029744,1029615,0,129,6569024,0,121991,121966,0,25,260159,0,2,40.000000,1
8,DHC,monitor-buchi,disprove-first,43,542,1029748,1029615,0,133,6569024,0,121992,121966,0,26,260159,0,4,40.000000,1
8,DHC,monitor-buchi,disprove-first,44,542,1029752,1029615,0,137,6569024,0,121993,121966,0,27,260159,0,4,40.000000,1
8,DHC,monitor-buchi,disprove-first,47,542,1029757,1029615,0,142,7891504,0,121994,121966,0,28,303519,0,5,40.000000,1
8,DHC,monitor-buchi,disprove-first,48,542,1029758,1029615,0,143,7891504,0,121995,121966,0,29,303519,0,1,40.000000,1
8,DHC,monitor-buchi,disprove-first,50,542,1029762,1029615,0,147,7891504,0,121996,121966,0,30,303519,0,4,40.000000,1
8,DHC,monitor-buchi,disprove-first,51,542,1029763,1029615,0,148,7891504,0,121997,121966,0,31,303519,0,1,40.000000,1
8,DHC,monitor-buchi,disprove-first,53,542,1029768,1029615,0,153,9279024,0,121998,121966,0,32,346879,0,5,40.000000,1
8,DHC,monitor-buchi,disprove-first,54,542,1029773,1029615,0,158,9279024,0,121999,121966,0,33,346879,0,5,40.000000,1
8,DHC,monitor-buchi,disprove-first,56,542,1029788,1029615,0,173,11295264,0,122001,121966,0,35,390239,0,6,40.000000,1
8,DHC,monitor-buchi,disprove-first,57,542,1029796,1029615,0,181,11295264,0,122002,121966,0,36,390239,0,8,40.000000,1
8,DHC,monitor-buchi,disprove-first,58,542,1029798,1029615,0,183,11295264,0,122003,121966,0,37,390239,0,2,40.000000,1
8,DHC,monitor-buchi,disprove-first,59,542,1029800,1029615,0,185,11295264,0,122004,121966,0,38,390239,0,2,40.000000,1
8,DHC,monitor-buchi,disprove-first,61,542,1029806,1029615,0,191,11295264,0,122005,121966,0,39,390239,0,6,40.000000,1
8,DHC,monitor-buchi,disprove-first,62,542,1029815,1029615,0,200,11295264,0,122006,121966,0,40,390239,0,9,40.000000,1
8,DHC,monitor-buchi,disprove-first,65,542,1029816,1029615,0,201,11707184,0,122007,121966,0,41,433599,0,1,40.000000,1
8,DHC,monitor-buchi,disprove-first,67,542,1029818,1029615,0,203,13029664,0,122008,121966,0,42,476959,0,2,40.000000,1
8,DHC,monitor-buchi,disprove-first,68,542,1029823,1029615,0,208,13029664,0,122009,121966,0,43,476959,0,5,40.000000,1
8,DHC,monitor-buchi,disprove-first,69,542,1029825,1029615,0,210,13029664,0,122010,121966,0,44,476959,0,2,40.000000,1
8,DHC,monitor-buchi,disprove-first,71,542,1029832,1029615,0,217,13029664,0,122011,121966,0,45,476959,0,7,40.000000,1
8,DHC,monitor-buchi,disprove-first,72,542,1029840,1029615,0,225,13029664,0,122012,121966,0,46,476959,0,8,40.000000,1
8,DHC,monitor-buchi,disprove-first,73,542,1029848,1029615,0,233,13029664,0,122013,121966,0,47,476959,0,8,40.000000,1
8,DHC,monitor-buchi,disprove-first,74,542,1029856,1029615,0,241,13029664,0,122014,121966,0,48,476959,0,8,40.000000,1
8,DHC,monitor-buchi,disprove-first,75,542,1029857,1029615,0,242,13029664,0,122015,121966,0,49,476959,0,1,40.000000,1
8,DHC,monitor-buchi,disprove-first,76,542,1029861,1029615,0,246,13029664,0,122016,121966,0,50,476959,0,4,40.000000,1
8,DHC,monitor-buchi,disprove-first,77,542,1029864,1029615,0,249,13029664,0,122017,121966,0,51,476959,0,3,40.000000,1
8,DHC,monitor-buchi,disprove-first,79,542,1029867,1029615,0,252,13029664,0,122018,121966,0,52,476959,0,3,40.000000,1
8,DHC,monitor-buchi,disprove-first,81,542,1029870,1029615,0,255,13029664,0,122019,121966,0,53,476959,0,3,40.000000,1
8,DHC,monitor-buchi,disprove-first,82,542,1029871,1029615,0,256,13029664,0,122020,121966,0,54,476959,0,1,40.000000,1
8,DHC,monitor-buchi,disprove-first,83,542,1029878,1029615,0,263,13029664,0,122021,121966,0,55,476959,0,7,40.000000,1
8,DHC,monitor-buchi,disprove-first,85,542,1029879,1029615,0,264,14352144,0,122022,121966,0,56,520319,0,1,40.000000,1
8,DHC,monitor-buchi,disprove-first,86,542,1029885,1029615,0,270,14352144,0,122023,121966,0,57,520319,0,6,40.000000,1
8,DHC,monitor-buchi,disprove-first,87,542,1029892,1029615,0,277,14352144,0,122024,121966,0,58,520319,0,7,40.000000,1
8,DHC,monitor-buchi,disprove-first,88,542,1029902,1029615,0,287,14352144,0,122025,121966,0,59,520319,0,10,40.000000,1
8,DHC,monitor-buchi,disprove-first,89,542,1029909,1029615,0,294,14352144,0,122026,121966,0,60,520319,0,7,40.000000,1
8,DHC,monitor-buchi,disprove-first,91,542,1029917,1029615,0,302,14352144,0,122027,121966,0,61,520319,0,8,40.000000,1
8,DHC,monitor-buchi,disprove-first,92,542,1029924,1029615,0,309,14352144,0,122028,121966,0,62,520319,0,7,40.000000,1
8,DHC,monitor-buchi,disprove-first,95,542,1029925,1029615,0,310,14352144,0,122029,121966,0,63,520319,0,1,40.000000,1
8,DHC,monitor-buchi,disprove-first,97,542,1029933,1029615,0,318,14352144,0,122030,121966,0,64,520319,0,8,40.000000,1
8,DHC,monitor-buchi,disprove-first,99,542,1029934,1029615,0,319,14937504,0,122031,121966,0,65,563679,0,1,40.000000,1
