problem,learner,aut,bbo,property,size,realsymbols,learnsymbols,eqsymbols,emsymbols,emosymbols,insymbols,realqueries,learnqueries,eqqueries,emqueries,emoqueries,inqueries,length,multiplier,refinements
4,KearnsVazirani,monitor-buchi,none,1,190,7012290,81901,6930385,4,0,0,1016739,13256,1003482,1,0,0,4,20.000000,103
4,KearnsVazirani,monitor-buchi,none,2,190,7012290,81901,6930385,4,11,0,1016739,13256,1003482,1,2,0,6,20.000000,103
4,KearnsVazirani,monitor-buchi,none,3,190,7012290,81901,6930385,4,37,0,1016739,13256,1003482,1,4,0,14,20.000000,103
4,KearnsVazirani,monitor-buchi,none,4,190,7012296,81901,6930385,10,37,0,1016740,13256,1003482,2,4,0,6,20.000000,103
4,KearnsVazirani,monitor-buchi,none,5,190,7012297,81901,6930385,11,37,0,1016741,13256,1003482,3,4,0,1,20.000000,103
4,KearnsVazirani,monitor-buchi,none,7,190,7012298,81901,6930385,12,37,0,1016742,13256,1003482,4,4,0,1,20.000000,103
4,KearnsVazirani,monitor-buchi,none,9,190,7012305,81901,6930385,19,37,0,1016743,13256,1003482,5,4,0,7,20.000000,103
4,KearnsVazirani,monitor-buchi,none,10,190,7012311,81901,6930385,25,37,0,1016744,13256,1003482,6,4,0,6,20.000000,103
4,KearnsVazirani,monitor-buchi,none,12,190,7012316,81901,6930385,30,37,0,1016745,13256,1003482,7,4,0,5,20.000000,103
4,KearnsVazirani,monitor-buchi,none,14,190,7012318,81901,6930385,32,37,0,1016746,13256,1003482,8,4,0,2,20.000000,103
4,KearnsVazirani,monitor-buchi,none,16,190,7012321,81901,6930385,35,37,0,1016747,13256,1003482,9,4,0,3,20.000000,103
4,KearnsVazirani,monitor-buchi,none,17,190,7012328,81901,6930385,42,37,0,1016748,13256,1003482,10,4,0,7,20.000000,103
4,KearnsVazirani,monitor-buchi,none,19,190,7012330,81901,6930385,44,37,0,1016749,13256,1003482,11,4,0,2,20.000000,103
4,KearnsVazirani,monitor-buchi,none,21,190,7012331,81901,6930385,45,37,0,1016750,13256,1003482,12,4,0,1,20.000000,103
4,KearnsVazirani,monitor-buchi,none,22,190,7012336,81901,6930385,50,37,0,1016751,13256,1003482,13,4,0,5,20.000000,103
4,KearnsVazirani,monitor-buchi,none,24,190,7012339,81901,6930385,53,37,0,1016752,13256,1003482,14,4,0,3,20.000000,103
4,KearnsVazirani,monitor-buchi,none,25,190,7012343,81901,6930385,57,37,0,1016753,13256,1003482,15,4,0,4,20.000000,103
4,KearnsVazirani,monitor-buchi,none,27,190,7012345,81901,6930385,59,37,0,1016754,13256,1003482,16,4,0,2,20.000000,103
4,KearnsVazirani,monitor-buchi,none,28,190,7012348,81901,6930385,62,37,0,1016755,13256,1003482,17,4,0,3,20.000000,103
4,KearnsVazirani,monitor-buchi,none,29,190,7012348,81901,6930385,62,86,0,1016755,13256,1003482,17,7,0,21,20.000000,103
4,KearnsVazirani,monitor-buchi,none,32,190,7012348,81901,6930385,62,177,0,1016755,13256,1003482,17,10,0,33,20.000000,103
4,KearnsVazirani,monitor-buchi,none,33,190,7012353,81901,6930385,67,177,0,1016756,13256,1003482,18,10,0,5,20.000000,103
4,KearnsVazirani,monitor-buchi,none,34,190,7012353,81901,6930385,67,249,0,1016756,13256,1003482,18,13,0,26,20.000000,103
4,KearnsVazirani,monitor-buchi,none,35,190,7012355,81901,6930385,69,249,0,1016757,13256,1003482,19,13,0,2,20.000000,103
4,KearnsVazirani,monitor-buchi,none,36,190,7012360,81901,6930385,74,249,0,1016758,13256,1003482,20,13,0,5,20.000000,103
4,KearnsVazirani,monitor-buchi,none,37,190,7012367,81901,6930385,81,249,0,1016759,13256,1003482,21,13,0,7,20.000000,103
4,KearnsVazirani,monitor-buchi,none,38,190,7012369,81901,6930385,83,249,0,1016760,13256,1003482,22,13,0,2,20.000000,103
4,KearnsVazirani,monitor-buchi,none,39,190,7012369,81901,6930385,83,284,0,1016760,13256,1003482,22,16,0,13,20.000000,103
4,KearnsVazirani,monitor-buchi,none,41,190,7012375,81901,6930385,89,284,0,1016761,13256,1003482,23,16,0,6,20.000000,103
4,KearnsVazirani,monitor-buchi,none,42,190,7012377,81901,6930385,91,284,0,1016762,13256,1003482,24,16,0,2,20.000000,103
4,KearnsVazirani,monitor-buchi,none,43,190,7012380,81901,6930385,94,284,0,1016763,13256,1003482,25,16,0,3,20.000000,103
4,KearnsVazirani,monitor-buchi,none,44,190,7012386,81901,6930385,100,284,0,1016764,13256,1003482,26,16,0,6,20.000000,103
4,KearnsVazirani,monitor-buchi,none,45,190,7012389,81901,6930385,103,284,0,1016765,13256,1003482,27,16,0,3,20.000000,103
4,KearnsVazirani,monitor-buchi,none,47,190,7012396,81901,6930385,110,284,0,1016766,13256,1003482,28,16,0,7,20.000000,103
4,KearnsVazirani,monitor-buchi,none,48,190,7012396,81901,6930385,110,335,0,1016766,13256,1003482,28,18,0,26,20.000000,103
4,KearnsVazirani,monitor-buchi,none,49,190,7012402,81901,6930385,116,335,0,1016767,13256,1003482,29,18,0,6,20.000000,103
4,KearnsVazirani,monitor-buchi,none,50,190,7012405,81901,6930385,119,335,0,1016768,13256,1003482,30,18,0,3,20.000000,103
4,KearnsVazirani,monitor-buchi,none,52,190,7012413,81901,6930385,127,335,0,1016769,13256,1003482,31,18,0,8,20.000000,103
4,KearnsVazirani,monitor-buchi,none,56,190,7012413,81901,6930385,127,375,0,1016769,13256,1003482,31,20,0,21,20.000000,103
4,KearnsVazirani,monitor-buchi,none,57,190,7012413,81901,6930385,127,464,0,1016769,13256,1003482,31,23,0,35,20.000000,103
4,KearnsVazirani,monitor-buchi,none,58,190,7012418,81901,6930385,132,464,0,1016770,13256,1003482,32,23,0,5,20.000000,103
4,KearnsVazirani,monitor-buchi,none,60,190,7012419,81901,6930385,133,464,0,1016771,13256,1003482,33,23,0,1,20.000000,103
4,KearnsVazirani,monitor-buchi,none,61,190,7012426,81901,6930385,140,464,0,1016772,13256,1003482,34,23,0,7,20.000000,103
4,KearnsVazirani,monitor-buchi,none,64,190,7012432,81901,6930385,146,464,0,1016773,13256,1003482,35,23,0,6,20.000000,103
4,KearnsVazirani,monitor-buchi,none,65,190,7012441,81901,6930385,155,464,0,1016774,13256,1003482,36,23,0,9,20.000000,103
4,KearnsVazirani,monitor-buchi,none,66,190,7012444,81901,6930385,158,464,0,1016775,13256,1003482,37,23,0,3,20.000000,103
4,KearnsVazirani,monitor-buchi,none,68,190,7012447,81901,6930385,161,464,0,1016776,13256,1003482,38,23,0,3,20.000000,103
4,KearnsVazirani,monitor-buchi,none,71,190,7012447,81901,6930385,161,485,0,1016776,13256,1003482,38,25,0,11,20.000000,103
4,KearnsVazirani,monitor-buchi,none,72,190,7012450,81901,6930385,164,485,0,1016777,13256,1003482,39,25,0,3,20.000000,103
4,KearnsVazirani,monitor-buchi,none,76,190,7012456,81901,6930385,170,485,0,1016778,13256,1003482,40,25,0,6,20.000000,103
4,KearnsVazirani,monitor-buchi,none,77,190,7012457,81901,6930385,171,485,0,1016779,13256,1003482,41,25,0,1,20.000000,103
4,KearnsVazirani,monitor-buchi,none,78,190,7012457,81901,6930385,171,498,0,1016779,13256,1003482,41,27,0,7,20.000000,103
4,KearnsVazirani,monitor-buchi,none,80,190,7012457,81901,6930385,171,509,0,1016779,13256,1003482,41,29,0,6,20.000000,103
4,KearnsVazirani,monitor-buchi,none,81,190,7012457,81901,6930385,171,520,0,1016779,13256,1003482,41,31,0,6,20.000000,103
4,KearnsVazirani,monitor-buchi,none,83,190,7012457,81901,6930385,171,541,0,1016779,13256,1003482,41,33,0,11,20.000000,103
4,KearnsVazirani,monitor-buchi,none,84,190,7012457,81901,6930385,171,567,0,1016779,13256,1003482,41,35,0,14,20.000000,103
4,KearnsVazirani,monitor-buchi,none,85,190,7012461,81901,6930385,175,567,0,1016780,13256,1003482,42,35,0,4,20.000000,103
4,KearnsVazirani,monitor-buchi,none,86,190,7012466,81901,6930385,180,567,0,1016781,13256,1003482,43,35,0,5,20.000000,103
4,KearnsVazirani,monitor-buchi,none,87,190,7012469,81901,6930385,183,567,0,1016782,13256,1003482,44,35,0,3,20.000000,103
4,KearnsVazirani,monitor-buchi,none,89,190,7012470,81901,6930385,184,567,0,1016783,13256,1003482,45,35,0,1,20.000000,103
4,KearnsVazirani,monitor-buchi,none,91,190,7012477,81901,6930385,191,567,0,1016784,13256,1003482,46,35,0,7,20.000000,103
4,KearnsVazirani,monitor-buchi,none,92,190,7012479,81901,6930385,193,567,0,1016785,13256,1003482,47,35,0,2,20.000000,103
4,KearnsVazirani,monitor-buchi,none,93,190,7012483,81901,6930385,197,567,0,1016786,13256,1003482,48,35,0,4,20.000000,103
4,KearnsVazirani,monitor-buchi,none,94,190,7012483,81901,6930385,197,602,0,1016786,13256,1003482,48,38,0,13,20.000000,103
4,KearnsVazirani,monitor-buchi,none,95,190,7012487,81901,6930385,201,602,0,1016787,13256,1003482,49,38,0,4,20.000000,103
4,KearnsVazirani,monitor-buchi,none,96,190,7012489,81901,6930385,203,602,0,1016788,13256,1003482,50,38,0,2,20.000000,103
4,KearnsVazirani,monitor-buchi,none,97,190,7012492,81901,6930385,206,602,0,1016789,13256,1003482,51,38,0,3,20.000000,103
4,KearnsVazirani,monitor-buchi,none,98,190,7012496,81901,6930385,210,602,0,1016790,13256,1003482,52,38,0,4,20.000000,103
4,KearnsVazirani,monitor-buchi,none,99,190,7012502,81901,6930385,216,602,0,1016791,13256,1003482,53,38,0,6,20.000000,103
