problem,learner,aut,bbo,property,size,realsymbols,learnsymbols,eqsymbols,emsymbols,emosymbols,insymbols,realqueries,learnqueries,eqqueries,emqueries,emoqueries,inqueries,length,multiplier,refinements
7,TTT,monitor-buchi,none,0,666,172139483,673277,171466205,1,0,0,16775226,64450,16710775,1,0,0,1,35.000000,325
7,TTT,monitor-buchi,none,1,666,172139484,673277,171466205,2,0,0,16775227,64450,16710775,2,0,0,1,35.000000,325
7,TTT,monitor-buchi,none,4,666,172139494,673277,171466205,12,0,0,16775228,64450,16710775,3,0,0,10,35.000000,325
7,TTT,monitor-buchi,none,5,666,172139498,673277,171466205,16,0,0,16775229,64450,16710775,4,0,0,4,35.000000,325
7,TTT,monitor-buchi,none,6,666,172139502,673277,171466205,20,0,0,16775230,64450,16710775,5,0,0,4,35.000000,325
7,TTT,monitor-buchi,none,9,666,172139507,673277,171466205,25,0,0,16775231,64450,16710775,6,0,0,5,35.000000,325
7,TTT,monitor-buchi,none,10,666,172139507,673277,171466205,25,92,0,16775231,64450,16710775,6,3,0,32,35.000000,325
7,TTT,monitor-buchi,none,13,666,172139507,673277,171466205,25,157,0,16775231,64450,16710775,6,6,0,25,35.000000,325
7,TTT,monitor-buchi,none,14,666,172139514,673277,171466205,32,157,0,16775232,64450,16710775,7,6,0,7,35.000000,325
7,TTT,monitor-buchi,none,16,666,172139520,673277,171466205,38,157,0,16775233,64450,16710775,8,6,0,6,35.000000,325
7,TTT,monitor-buchi,none,18,666,172139520,673277,171466205,38,252,0,16775233,64450,16710775,8,9,0,33,35.000000,325
7,TTT,monitor-buchi,none,21,666,172139526,673277,171466205,44,252,0,16775234,64450,16710775,9,9,0,6,35.000000,325
7,TTT,monitor-buchi,none,22,666,172139531,673277,171466205,49,252,0,16775235,64450,16710775,10,9,0,5,35.000000,325
7,TTT,monitor-buchi,none,23,666,172139537,673277,171466205,55,252,0,16775236,64450,16710775,11,9,0,6,35.000000,325
7,TTT,monitor-buchi,none,26,666,172139537,673277,171466205,55,301,0,16775236,64450,16710775,11,11,0,25,35.000000,325
7,TTT,monitor-buchi,none,27,666,172139544,673277,171466205,62,301,0,16775237,64450,16710775,12,11,0,7,35.000000,325
7,TTT,monitor-buchi,none,28,666,172139552,673277,171466205,70,301,0,16775238,64450,16710775,13,11,0,8,35.000000,325
7,TTT,monitor-buchi,none,29,666,172139552,673277,171466205,70,378,0,16775238,64450,16710775,13,14,0,27,35.000000,325
7,TTT,monitor-buchi,none,30,666,172139552,673277,171466205,70,461,0,16775238,64450,16710775,13,17,0,29,35.000000,325
7,TTT,monitor-buchi,none,35,666,172139559,673277,171466205,77,461,0,16775239,64450,16710775,14,17,0,7,35.000000,325
7,TTT,monitor-buchi,none,37,666,172139563,673277,171466205,81,461,0,16775240,64450,16710775,15,17,0,4,35.000000,325
7,TTT,monitor-buchi,none,39,666,172139564,673277,171466205,82,461,0,16775241,64450,16710775,16,17,0,1,35.000000,325
7,TTT,monitor-buchi,none,40,666,172139569,673277,171466205,87,461,0,16775242,64450,16710775,17,17,0,5,35.000000,325
7,TTT,monitor-buchi,none,41,666,172139574,673277,171466205,92,461,0,16775243,64450,16710775,18,17,0,5,35.000000,325
7,TTT,monitor-buchi,none,42,666,172139574,673277,171466205,92,521,0,16775243,64450,16710775,18,19,0,31,35.000000,325
7,TTT,monitor-buchi,none,43,666,172139579,673277,171466205,97,521,0,16775244,64450,16710775,19,19,0,5,35.000000,325
7,TTT,monitor-buchi,none,45,666,172139587,673277,171466205,105,521,0,16775245,64450,16710775,20,19,0,8,35.000000,325
7,TTT,monitor-buchi,none,47,666,172139593,673277,171466205,111,521,0,16775246,64450,16710775,21,19,0,6,35.000000,325
7,TTT,monitor-buchi,none,48,666,172139598,673277,171466205,116,521,0,16775247,64450,16710775,22,19,0,5,35.000000,325
7,TTT,monitor-buchi,none,49,666,172139602,673277,171466205,120,521,0,16775248,64450,16710775,23,19,0,4,35.000000,325
7,TTT,monitor-buchi,none,50,666,172139605,673277,171466205,123,521,0,16775249,64450,16710775,24,19,0,3,35.000000,325
7,TTT,monitor-buchi,none,51,666,172139609,673277,171466205,127,521,0,16775250,64450,16710775,25,19,0,4,35.000000,325
7,TTT,monitor-buchi,none,52,666,172139614,673277,171466205,132,521,0,16775251,64450,16710775,26,19,0,5,35.000000,325
7,TTT,monitor-buchi,none,55,666,172139624,673277,171466205,142,521,0,16775252,64450,16710775,27,19,0,10,35.000000,325
7,TTT,monitor-buchi,none,56,666,172139628,673277,171466205,146,521,0,16775253,64450,16710775,28,19,0,4,35.000000,325
7,TTT,monitor-buchi,none,57,666,172139628,673277,171466205,146,558,0,16775253,64450,16710775,28,21,0,19,35.000000,325
7,TTT,monitor-buchi,none,58,666,172139628,673277,171466205,146,587,0,16775253,64450,16710775,28,23,0,15,35.000000,325
7,TTT,monitor-buchi,none,60,666,172139635,673277,171466205,153,587,0,16775254,64450,16710775,29,23,0,7,35.000000,325
7,TTT,monitor-buchi,none,61,666,172139642,673277,171466205,160,587,0,16775255,64450,16710775,30,23,0,7,35.000000,325
7,TTT,monitor-buchi,none,63,666,172139643,673277,171466205,161,587,0,16775256,64450,16710775,31,23,0,1,35.000000,325
7,TTT,monitor-buchi,none,64,666,172139643,673277,171466205,161,674,0,16775256,64450,16710775,31,25,0,44,35.000000,325
7,TTT,monitor-buchi,none,65,666,172139650,673277,171466205,168,674,0,16775257,64450,16710775,32,25,0,7,35.000000,325
7,TTT,monitor-buchi,none,67,666,172139652,673277,171466205,170,674,0,16775258,64450,16710775,33,25,0,2,35.000000,325
7,TTT,monitor-buchi,none,68,666,172139653,673277,171466205,171,674,0,16775259,64450,16710775,34,25,0,1,35.000000,325
7,TTT,monitor-buchi,none,69,666,172139657,673277,171466205,175,674,0,16775260,64450,16710775,35,25,0,4,35.000000,325
7,TTT,monitor-buchi,none,70,666,172139657,673277,171466205,175,719,0,16775260,64450,16710775,35,28,0,17,35.000000,325
7,TTT,monitor-buchi,none,74,666,172139657,673277,171466205,175,768,0,16775260,64450,16710775,35,30,0,25,35.000000,325
7,TTT,monitor-buchi,none,79,666,172139662,673277,171466205,180,768,0,16775261,64450,16710775,36,30,0,5,35.000000,325
7,TTT,monitor-buchi,none,82,666,172139666,673277,171466205,184,768,0,16775262,64450,16710775,37,30,0,4,35.000000,325
7,TTT,monitor-buchi,none,86,666,172139672,673277,171466205,190,768,0,16775263,64450,16710775,38,30,0,6,35.000000,325
7,TTT,monitor-buchi,none,90,666,172139679,673277,171466205,197,768,0,16775264,64450,16710775,39,30,0,7,35.000000,325
7,TTT,monitor-buchi,none,92,666,172139680,673277,171466205,198,768,0,16775265,64450,16710775,40,30,0,1,35.000000,325
7,TTT,monitor-buchi,none,93,666,172139683,673277,171466205,201,768,0,16775266,64450,16710775,41,30,0,3,35.000000,325
7,TTT,monitor-buchi,none,94,666,172139683,673277,171466205,201,843,0,16775266,64450,16710775,41,32,0,38,35.000000,325
7,TTT,monitor-buchi,none,95,666,172139683,673277,171466205,201,935,0,16775266,64450,16710775,41,35,0,32,35.000000,325
7,TTT,monitor-buchi,none,98,666,172139688,673277,171466205,206,935,0,16775267,64450,16710775,42,35,0,5,35.000000,325
7,TTT,monitor-buchi,none,99,666,172139692,673277,171466205,210,935,0,16775268,64450,16710775,43,35,0,4,35.000000,325
