problem,learner,aut,bbo,property,size,realsymbols,learnsymbols,eqsymbols,emsymbols,emosymbols,insymbols,realqueries,learnqueries,eqqueries,emqueries,emoqueries,inqueries,length,multiplier,refinements
2,KearnsVazirani,monitor-buchi,none,1,26,264733,13858,250874,1,0,0,46054,1851,44202,1,0,0,1,10.000000,15
2,KearnsVazirani,monitor-buchi,none,2,26,264736,13858,250874,4,0,0,46055,1851,44202,2,0,0,3,10.000000,15
2,KearnsVazirani,monitor-buchi,none,4,26,264743,13858,250874,11,0,0,46056,1851,44202,3,0,0,7,10.000000,15
2,KearnsVazirani,monitor-buchi,none,6,26,264743,13858,250874,11,11,0,46056,1851,44202,3,2,0,6,10.000000,15
2,KearnsVazirani,monitor-buchi,none,8,26,264743,13858,250874,11,68,0,46056,1851,44202,3,5,0,27,10.000000,15
2,KearnsVazirani,monitor-buchi,none,9,26,264743,13858,250874,11,97,0,46056,1851,44202,3,8,0,13,10.000000,15
2,KearnsVazirani,monitor-buchi,none,11,26,264748,13858,250874,16,97,0,46057,1851,44202,4,8,0,5,10.000000,15
2,KearnsVazirani,monitor-buchi,none,12,26,264752,13858,250874,20,97,0,46058,1851,44202,5,8,0,4,10.000000,15
2,KearnsVazirani,monitor-buchi,none,13,26,264752,13858,250874,20,154,0,46058,1851,44202,5,11,0,27,10.000000,15
2,KearnsVazirani,monitor-buchi,none,15,26,264755,13858,250874,23,154,0,46059,1851,44202,6,11,0,3,10.000000,15
2,KearnsVazirani,monitor-buchi,none,17,26,264763,13858,250874,31,154,0,46060,1851,44202,7,11,0,8,10.000000,15
2,KearnsVazirani,monitor-buchi,none,20,26,264773,13858,250874,41,154,0,46061,1851,44202,8,11,0,10,10.000000,15
2,KearnsVazirani,monitor-buchi,none,21,26,264777,13858,250874,45,154,0,46062,1851,44202,9,11,0,4,10.000000,15
2,KearnsVazirani,monitor-buchi,none,22,26,264777,13858,250874,45,192,0,46062,1851,44202,9,14,0,14,10.000000,15
2,KearnsVazirani,monitor-buchi,none,23,26,264779,13858,250874,47,192,0,46063,1851,44202,10,14,0,2,10.000000,15
2,KearnsVazirani,monitor-buchi,none,25,26,264781,13858,250874,49,192,0,46064,1851,44202,11,14,0,2,10.000000,15
2,KearnsVazirani,monitor-buchi,none,26,26,264784,13858,250874,52,192,0,46065,1851,44202,12,14,0,3,10.000000,15
2,KearnsVazirani,monitor-buchi,none,29,26,264789,13858,250874,57,192,0,46066,1851,44202,13,14,0,5,10.000000,15
2,KearnsVazirani,monitor-buchi,none,31,26,264797,13858,250874,65,192,0,46067,1851,44202,14,14,0,8,10.000000,15
2,KearnsVazirani,monitor-buchi,none,32,26,264797,13858,250874,65,249,0,46067,1851,44202,14,17,0,27,10.000000,15
2,KearnsVazirani,monitor-buchi,none,34,26,264803,13858,250874,71,249,0,46068,1851,44202,15,17,0,6,10.000000,15
2,KearnsVazirani,monitor-buchi,none,35,26,264803,13858,250874,71,260,0,46068,1851,44202,15,19,0,6,10.000000,15
2,KearnsVazirani,monitor-buchi,none,37,26,264807,13858,250874,75,260,0,46069,1851,44202,16,19,0,4,10.000000,15
2,KearnsVazirani,monitor-buchi,none,38,26,264807,13858,250874,75,271,0,46069,1851,44202,16,21,0,6,10.000000,15
2,KearnsVazirani,monitor-buchi,none,40,26,264812,13858,250874,80,271,0,46070,1851,44202,17,21,0,5,10.000000,15
2,KearnsVazirani,monitor-buchi,none,43,26,264812,13858,250874,80,290,0,46070,1851,44202,17,23,0,10,10.000000,15
2,KearnsVazirani,monitor-buchi,none,44,26,264813,13858,250874,81,290,0,46071,1851,44202,18,23,0,1,10.000000,15
2,KearnsVazirani,monitor-buchi,none,47,26,264816,13858,250874,84,290,0,46072,1851,44202,19,23,0,3,10.000000,15
2,KearnsVazirani,monitor-buchi,none,49,26,264826,13858,250874,94,290,0,46073,1851,44202,20,23,0,10,10.000000,15
2,KearnsVazirani,monitor-buchi,none,55,26,264827,13858,250874,95,290,0,46074,1851,44202,21,23,0,1,10.000000,15
2,KearnsVazirani,monitor-buchi,none,58,26,264827,13858,250874,95,306,0,46074,1851,44202,21,25,0,9,10.000000,15
2,KearnsVazirani,monitor-buchi,none,59,26,264829,13858,250874,97,306,0,46075,1851,44202,22,25,0,2,10.000000,15
2,KearnsVazirani,monitor-buchi,none,60,26,264829,13858,250874,97,344,0,46075,1851,44202,22,27,0,25,10.000000,15
2,KearnsVazirani,monitor-buchi,none,68,26,264830,13858,250874,98,344,0,46076,1851,44202,23,27,0,1,10.000000,15
2,KearnsVazirani,monitor-buchi,none,69,26,264834,13858,250874,102,344,0,46077,1851,44202,24,27,0,4,10.000000,15
2,KearnsVazirani,monitor-buchi,none,70,26,264843,13858,250874,111,344,0,46078,1851,44202,25,27,0,9,10.000000,15
2,KearnsVazirani,monitor-buchi,none,74,26,264846,13858,250874,114,344,0,46079,1851,44202,26,27,0,3,10.000000,15
2,KearnsVazirani,monitor-buchi,none,84,26,264849,13858,250874,117,344,0,46080,1851,44202,27,27,0,3,10.000000,15
2,KearnsVazirani,monitor-buchi,none,87,26,264850,13858,250874,118,344,0,46081,1851,44202,28,27,0,1,10.000000,15
2,KearnsVazirani,monitor-buchi,none,88,26,264852,13858,250874,120,344,0,46082,1851,44202,29,27,0,2,10.000000,15
2,KearnsVazirani,monitor-buchi,none,90,26,264855,13858,250874,123,344,0,46083,1851,44202,30,27,0,3,10.000000,15
2,KearnsVazirani,monitor-buchi,none,93,26,264855,13858,250874,123,355,0,46083,1851,44202,30,29,0,6,10.000000,15
2,KearnsVazirani,monitor-buchi,none,94,26,264876,13858,250874,144,355,0,46084,1851,44202,31,29,0,21,10.000000,15
2,KearnsVazirani,monitor-buchi,none,95,26,264877,13858,250874,145,355,0,46085,1851,44202,32,29,0,1,10.000000,15
2,KearnsVazirani,monitor-buchi,none,96,26,264877,13858,250874,145,412,0,46085,1851,44202,32,32,0,27,10.000000,15
2,KearnsVazirani,monitor-buchi,none,97,26,264888,13858,250874,156,412,0,46086,1851,44202,33,32,0,11,10.000000,15
