problem,learner,aut,bbo,property,size,realsymbols,learnsymbols,eqsymbols,emsymbols,emosymbols,insymbols,realqueries,learnqueries,eqqueries,emqueries,emoqueries,inqueries,length,multiplier,refinements
4,DHC,monitor,cex-first,1,178,112514,112510,0,4,0,0,17812,17811,0,1,0,0,4,20.000000,1
4,DHC,monitor,cex-first,4,178,112520,112510,0,10,0,0,17813,17811,0,2,0,0,6,20.000000,1
4,DHC,monitor,cex-first,5,178,112521,112510,0,11,0,0,17814,17811,0,3,0,0,1,20.000000,1
4,DHC,monitor,cex-first,7,178,112522,112510,0,12,0,0,17815,17811,0,4,0,0,1,20.000000,1
4,DHC,monitor,cex-first,9,178,112529,112510,0,19,0,0,17816,17811,0,5,0,0,7,20.000000,1
4,DHC,monitor,cex-first,10,178,112535,112510,0,25,0,0,17817,17811,0,6,0,0,6,20.000000,1
4,DHC,monitor,cex-first,12,182,243789,243699,0,75,0,15,37858,37847,0,10,0,1,5,20.000000,2
4,DHC,monitor,cex-first,14,182,243791,243699,0,77,0,15,37859,37847,0,11,0,1,2,20.000000,2
4,DHC,monitor,cex-first,16,182,243794,243699,0,80,0,15,37860,37847,0,12,0,1,3,20.000000,2
4,DHC,monitor,cex-first,17,182,243801,243699,0,87,0,15,37861,37847,0,13,0,1,7,20.000000,2
4,DHC,monitor,cex-first,19,182,243803,243699,0,89,0,15,37862,37847,0,14,0,1,2,20.000000,2
4,DHC,monitor,cex-first,21,182,243804,243699,0,90,0,15,37863,37847,0,15,0,1,1,20.000000,2
4,DHC,monitor,cex-first,22,182,243809,243699,0,95,0,15,37864,37847,0,16,0,1,5,20.000000,2
4,DHC,monitor,cex-first,24,182,243812,243699,0,98,0,15,37865,37847,0,17,0,1,3,20.000000,2
4,DHC,monitor,cex-first,25,182,243816,243699,0,102,0,15,37866,37847,0,18,0,1,4,20.000000,2
4,DHC,monitor,cex-first,27,182,243818,243699,0,104,0,15,37867,37847,0,19,0,1,2,20.000000,2
4,DHC,monitor,cex-first,28,182,243821,243699,0,107,0,15,37868,37847,0,20,0,1,3,20.000000,2
4,DHC,monitor,cex-first,33,182,243826,243699,0,112,0,15,37869,37847,0,21,0,1,5,20.000000,2
4,DHC,monitor,cex-first,35,182,243828,243699,0,114,0,15,37870,37847,0,22,0,1,2,20.000000,2
4,DHC,monitor,cex-first,36,182,243833,243699,0,119,0,15,37871,37847,0,23,0,1,5,20.000000,2
4,DHC,monitor,cex-first,37,182,243840,243699,0,126,0,15,37872,37847,0,24,0,1,7,20.000000,2
4,DHC,monitor,cex-first,38,182,243842,243699,0,128,0,15,37873,37847,0,25,0,1,2,20.000000,2
4,DHC,monitor,cex-first,41,182,243848,243699,0,134,0,15,37874,37847,0,26,0,1,6,20.000000,2
4,DHC,monitor,cex-first,42,182,243850,243699,0,136,0,15,37875,37847,0,27,0,1,2,20.000000,2
4,DHC,monitor,cex-first,43,182,243853,243699,0,139,0,15,37876,37847,0,28,0,1,3,20.000000,2
4,DHC,monitor,cex-first,44,182,243859,243699,0,145,0,15,37877,37847,0,29,0,1,6,20.000000,2
4,DHC,monitor,cex-first,45,182,243862,243699,0,148,0,15,37878,37847,0,30,0,1,3,20.000000,2
4,DHC,monitor,cex-first,47,182,243869,243699,0,155,0,15,37879,37847,0,31,0,1,7,20.000000,2
4,DHC,monitor,cex-first,49,182,243875,243699,0,161,0,15,37880,37847,0,32,0,1,6,20.000000,2
4,DHC,monitor,cex-first,50,182,243878,243699,0,164,0,15,37881,37847,0,33,0,1,3,20.000000,2
4,DHC,monitor,cex-first,52,182,243886,243699,0,172,0,15,37882,37847,0,34,0,1,8,20.000000,2
4,DHC,monitor,cex-first,58,182,243891,243699,0,177,0,15,37883,37847,0,35,0,1,5,20.000000,2
4,DHC,monitor,cex-first,60,182,243892,243699,0,178,0,15,37884,37847,0,36,0,1,1,20.000000,2
4,DHC,monitor,cex-first,61,182,243899,243699,0,185,0,15,37885,37847,0,37,0,1,7,20.000000,2
4,DHC,monitor,cex-first,64,182,243905,243699,0,191,0,15,37886,37847,0,38,0,1,6,20.000000,2
4,DHC,monitor,cex-first,65,182,243914,243699,0,200,0,15,37887,37847,0,39,0,1,9,20.000000,2
4,DHC,monitor,cex-first,66,182,243917,243699,0,203,0,15,37888,37847,0,40,0,1,3,20.000000,2
4,DHC,monitor,cex-first,68,182,243920,243699,0,206,0,15,37889,37847,0,41,0,1,3,20.000000,2
4,DHC,monitor,cex-first,72,182,243923,243699,0,209,0,15,37890,37847,0,42,0,1,3,20.000000,2
4,DHC,monitor,cex-first,76,182,243929,243699,0,215,0,15,37891,37847,0,43,0,1,6,20.000000,2
4,DHC,monitor,cex-first,77,182,243930,243699,0,216,0,15,37892,37847,0,44,0,1,1,20.000000,2
4,DHC,monitor,cex-first,85,182,243934,243699,0,220,0,15,37893,37847,0,45,0,1,4,20.000000,2
4,DHC,monitor,cex-first,86,182,243939,243699,0,225,0,15,37894,37847,0,46,0,1,5,20.000000,2
4,DHC,monitor,cex-first,87,182,243942,243699,0,228,0,15,37895,37847,0,47,0,1,3,20.000000,2
4,DHC,monitor,cex-first,89,182,243943,243699,0,229,0,15,37896,37847,0,48,0,1,1,20.000000,2
4,DHC,monitor,cex-first,91,183,390170,389895,0,254,0,21,59877,59823,0,52,0,2,7,20.000000,3
4,DHC,monitor,cex-first,92,183,390172,389895,0,256,0,21,59878,59823,0,53,0,2,2,20.000000,3
4,DHC,monitor,cex-first,93,183,390176,389895,0,260,0,21,59879,59823,0,54,0,2,4,20.000000,3
4,DHC,monitor,cex-first,95,183,390180,389895,0,264,0,21,59880,59823,0,55,0,2,4,20.000000,3
4,DHC,monitor,cex-first,96,183,390182,389895,0,266,0,21,59881,59823,0,56,0,2,2,20.000000,3
4,DHC,monitor,cex-first,97,183,390185,389895,0,269,0,21,59882,59823,0,57,0,2,3,20.000000,3
4,DHC,monitor,cex-first,98,183,390189,389895,0,273,0,21,59883,59823,0,58,0,2,4,20.000000,3
4,DHC,monitor,cex-first,99,183,390195,389895,0,279,0,21,59884,59823,0,59,0,2,6,20.000000,3
